0.53450000
0.52090000
0.50180000
0.51330000
0.53330000
0.53470000
0.53230000
0.53250000
0.51890000
0.52570000
0.51770000
0.50810000
0.52540000
0.53110000
0.52900000
0.51970000
0.51340000
0.53140000
0.55620000
0.56170000
0.56320000
0.55510000
0.55400000
0.54400000
0.54350000
0.54040000
0.53370000
0.52790000
0.51950000
0.52950000
0.51650000
0.51910000
0.52020000
0.52100000
0.51670000
0.51250000
0.51380000
0.50890000
0.51840000
0.50620000
0.50530000
0.50580000
0.50890000
0.50590000
0.49330000
0.49110000
0.48910000
0.48820000
0.48720000
0.47320000
0.48250000
0.48310000
0.48180000
0.48060000
0.47790000
0.47600000
0.46720000
0.46230000
0.46250000
0.45980000
0.46040000
0.45070000
0.44950000
0.44330000
0.44280000
0.44000000
0.44570000
0.45140000
0.46710000
0.46160000
0.45390000
0.44950000
0.46980000
0.46360000
0.47300000
0.47590000
0.48450000
0.47240000
0.47070000
0.47030000
0.47420000
0.47050000
0.46740000
0.47520000
0.48600000
0.48180000
0.47500000
0.47750000
0.48960000
0.48220000
0.48050000
0.47990000
0.47790000
0.47490000
0.47140000
0.47700000
0.48340000
0.47570000
0.47170000
0.46980000
0.48100000
0.47720000
0.48010000
0.49010000
0.48810000
0.48450000
0.48720000
0.48920000
0.47770000
0.47780000
0.48180000
0.47600000
0.47210000
0.47460000
0.47430000
0.46960000
0.47210000
0.47350000
0.46940000
0.47810000
0.48010000
0.48210000
0.48050000
0.47970000
0.47870000
0.48540000
0.48950000
0.49960000
0.51880000
0.52090000
0.52720000
0.53110000
0.52500000
0.51010000
0.50480000
0.50260000
0.49750000
0.50210000
0.49930000
0.49730000
0.50250000
0.49680000
0.50190000
0.50040000
0.51560000
0.50820000
0.50600000
0.50160000
0.51430000
0.49960000
0.49760000
0.50170000
0.51120000
0.50540000
0.49990000
0.49920000
0.50760000
0.50160000
0.49390000
0.48410000
0.50000000
0.49690000
0.49230000
0.49370000
0.49600000
0.48970000
0.48940000
0.48310000
0.48850000
0.48330000
0.48600000
0.49160000
0.49550000
0.48990000
0.48960000
0.48900000
0.49380000
0.48720000
0.48560000
0.48720000
0.48980000
0.48140000
0.48230000
0.48120000
0.48460000
0.48480000
0.48250000
0.47970000
0.48500000
0.48650000
0.47960000
0.47520000
0.47930000
0.47770000
0.47510000
0.47650000
0.48140000
0.48080000
0.47810000
0.47540000
0.47300000
0.47950000
0.47360000
0.47380000
0.47550000
0.47200000
0.46840000
0.46980000
0.47130000
0.46990000
0.46710000
0.46830000
0.46740000
0.46740000
0.46480000
0.46480000
0.46290000
0.46450000
0.46600000
0.46410000
0.46820000
0.46720000
0.46280000
0.45890000
0.45790000
0.45970000
0.45220000
0.44770000
0.44740000
0.44560000
0.45110000
0.45100000
0.45350000
0.45580000
0.45230000
0.45230000
0.45480000
0.45760000
0.46460000
0.46540000
0.46600000
0.47190000
0.46730000
0.46430000
0.45900000
0.45780000
0.45190000
0.45490000
0.44990000
0.44680000
0.44540000
0.44140000
0.44110000
0.44660000
0.44440000
0.44540000
0.44020000
0.44010000
0.43700000
0.43430000
0.43810000
0.43100000
0.42990000
0.42670000
0.42530000
0.42580000
0.42540000
0.42290000
0.41540000
0.41400000
0.41190000
0.41230000
0.40930000
0.40850000
0.40910000
0.40770000
0.40350000
0.40220000
0.40330000
0.40670000
0.40350000
0.40180000
0.39830000
0.39360000
0.39850000
0.39880000
0.39950000
0.40220000
0.40560000
0.39050000
0.37080000
0.37290000
0.37820000
0.37560000
0.38450000
0.38260000
0.39340000
0.39060000
0.39080000
0.38770000
0.38690000
0.38320000
0.38230000
0.37830000
0.37950000
0.38180000
0.37660000
0.37510000
0.37350000
0.36610000
0.37100000
0.38020000
0.38170000
0.38040000
0.38460000
0.37860000
0.37880000
0.38020000
0.39400000
0.39300000
0.40100000
0.40620000
0.41310000
0.40690000
0.42150000
0.42720000
0.43330000
0.42490000
0.43100000
0.42940000
0.43150000
0.43090000
0.42710000
0.42440000
0.42460000
0.43670000
0.44810000
0.45030000
0.44420000
0.43270000
0.43740000
0.44660000
0.43610000
0.43780000
0.44710000
0.44780000
0.44490000
0.44640000
0.45560000
0.48230000
0.50580000
0.54420000
0.54520000
0.54800000
0.54410000
0.55300000
0.55020000
0.55600000
0.55340000
0.53930000
0.55480000
0.57000000
0.55920000
0.54820000
0.56250000
0.56910000
0.57310000
0.56610000
0.56570000
0.57200000
0.58130000
0.57320000
0.57390000
0.55950000
0.56510000
0.56570000
0.56180000
0.56410000
0.56630000
0.56400000
0.55400000
0.55570000
0.56350000
0.55940000
0.55860000
0.55630000
0.57190000
0.58080000
0.58120000
0.59360000
0.63050000
0.61190000
0.62220000
0.63900000
0.65080000
0.64570000
0.64560000
0.64920000
0.64320000
0.63660000
0.63340000
0.63770000
0.63110000
0.62650000
0.63120000
0.64410000
0.64110000
0.63870000
0.63870000
0.64150000
0.63740000
0.63900000
0.63010000
0.63780000
0.63170000
0.62720000
0.62330000
0.62550000
0.61510000
0.61190000
0.63850000
0.64260000
0.65380000
0.66350000
0.65230000
0.64500000
0.64410000
0.64040000
0.63380000
0.64370000
0.63860000
0.64140000
0.63450000
0.63330000
0.61800000
0.62570000
0.63120000
0.63000000
0.63210000
0.62920000
0.63920000
0.63980000
0.64560000
0.64620000
0.65280000
0.68670000
0.73000000
0.72820000
0.73040000
0.74130000
0.74560000
0.72890000
0.70170000
0.68900000
0.69120000
0.70800000
0.71110000
0.70460000
0.69900000
0.71000000
0.70250000
0.69970000
0.68730000
0.68810000
0.69240000
0.70330000
0.70430000
0.67890000
0.68050000
0.67640000
0.67990000
0.68060000
0.68120000
0.66800000
0.66840000
0.66920000
0.67140000
0.67420000
0.66630000
0.66750000
0.68850000
0.68330000
0.74070000
0.77950000
0.74730000
0.74140000
0.73010000
0.72440000
0.74040000
0.75040000
0.73990000
0.73790000
0.76010000
0.77690000
0.76150000
0.76530000
0.77160000
0.77090000
0.77630000
0.76670000
0.77810000
0.78700000
0.81040000
0.79310000
0.80390000
0.79910000
0.85760000
0.87230000
0.95180000
0.90590000
0.90420000
0.89060000
0.88590000
0.89650000
0.88270000
0.87790000
0.86630000
0.87560000
0.88870000
0.88010000
0.87160000
0.87740000
0.88620000
0.87390000
0.88300000
0.86920000
0.87070000
0.87480000
0.91780000
0.90750000
0.88930000
0.87730000
0.89080000
0.88460000
0.89110000
0.87140000
0.87950000
0.88560000
0.88380000
0.87920000
0.87040000
0.87000000
0.86430000
0.86130000
0.86990000
0.87930000
0.88000000
0.87540000
0.87400000
0.88870000
0.89040000
0.88620000
0.88190000
0.89120000
0.89700000
0.90330000
0.89300000
0.88640000
0.88190000
0.87200000
0.88670000
0.90290000
0.91260000
0.91600000
0.91070000
0.90320000
0.92130000
0.91740000
0.90300000
0.91880000
0.94690000
0.94230000
0.92530000
0.83200000
0.82410000
0.80950000
0.78750000
0.78280000
0.80040000
0.78290000
0.79630000
0.82270000
0.79810000
0.79570000
0.81170000
0.80510000
0.79800000
0.81750000
0.84850000
0.83580000
0.82260000
0.81850000
0.82400000
0.81150000
0.81870000
0.81110000
0.81720000
0.82180000
0.82740000
0.82400000
0.83750000
0.84160000
0.84170000
0.84190000
0.83350000
0.82510000
0.81610000
0.81920000
0.82000000
0.81870000
0.82720000
0.81880000
0.82070000
0.81630000
0.80430000
0.79590000
0.80350000
0.79960000
0.80900000
0.81060000
0.81860000
0.81320000
0.80340000
0.79630000
0.77450000
0.77080000
0.79400000
0.80160000
0.82950000
0.83200000
0.82350000
0.82190000
0.81760000
0.81300000
0.80500000
0.80460000
0.80870000
0.80590000
0.80770000
0.81340000
0.78780000
0.79420000
0.78630000
0.78350000
0.79910000
0.79760000
0.79700000
0.79980000
0.79520000
0.79350000
0.79150000
0.79280000
0.78700000
0.78820000
0.77560000
0.77450000
0.77620000
0.76960000
0.78280000
0.77220000
0.77050000
0.76790000
0.76340000
0.76450000
0.77050000
0.77350000
0.76370000
0.76090000
0.78570000
0.77650000
0.76940000
0.76180000
0.75340000
0.75240000
0.74870000
0.74340000
0.75700000
0.74890000
0.74210000
0.74540000
0.76910000
0.75310000
0.74570000
0.73900000
0.74480000
0.74870000
0.75850000
0.75000000
0.76310000
0.75950000
0.75550000
0.74830000
0.74670000
0.75330000
0.76300000
0.75910000
0.76450000
0.76550000
0.75700000
0.75890000
0.77440000
0.77730000
0.77180000
0.77590000
0.78490000
0.79100000
0.78840000
0.78490000
0.78280000
0.77280000
0.76370000
0.76550000
0.76790000
0.77040000
0.76610000
0.76970000
0.75950000
0.75160000
0.75240000
0.75050000
0.74990000
0.74930000
0.73900000
0.75060000
0.74840000
0.74430000
0.74250000
0.72810000
0.70810000
0.69920000
0.69380000
0.68610000
0.69950000
0.70060000
0.70090000
0.69060000
0.67940000
0.67990000
0.67980000
0.66930000
0.67570000
0.68130000
0.68230000
0.67190000
0.67150000
0.68010000
0.67570000
0.67010000
0.68060000
0.67940000
0.66140000
0.66400000
0.65940000
0.65790000
0.65590000
0.65600000
0.64960000
0.64200000
0.63840000
0.63560000
0.64090000
0.64600000
0.64650000
0.64300000
0.65500000
0.65200000
0.64570000
0.65100000
0.64660000
0.64450000
0.64970000
0.65240000
0.64380000
0.63780000
0.63310000
0.63160000
0.63390000
0.65450000
0.67150000
0.66140000
0.65260000
0.67210000
0.66070000
0.65430000
0.65850000
0.66260000
0.65460000
0.65120000
0.66150000
0.66620000
0.67170000
0.66660000
0.66850000
0.68230000
0.69220000
0.69310000
0.68460000
0.68070000
0.67670000
0.67520000
0.68340000
0.68850000
0.70390000
0.69800000
0.71190000
0.71570000
0.71960000
0.72860000
0.71390000
0.74580000
0.73100000
0.73370000
0.72810000
0.71750000
0.71440000
0.73510000
0.73380000
0.72730000
0.78700000
0.81910000
0.83790000
0.81790000
0.84730000
0.85130000
0.83170000
0.85080000
0.83300000
0.81770000
0.77610000
0.78560000
0.75150000
0.74530000
0.75150000
0.75460000
0.74620000
0.74790000
0.72840000
0.73160000
0.72580000
0.71040000
0.70980000
0.70300000
0.70950000
0.70210000
0.68040000
0.68040000
0.68860000
0.69410000
0.69800000
0.71330000
0.79950000
0.76950000
0.75570000
0.76890000
0.77200000
0.78000000
0.80950000
0.80340000
0.77830000
0.75250000
0.75810000
0.75670000
0.74130000
0.73580000
0.73910000
0.73550000
0.73870000
0.73890000
0.71940000
0.74370000
0.74940000
0.75300000
0.74010000
0.72930000
0.73010000
0.72120000
0.73710000
0.74190000
0.73700000
0.74030000
0.72500000
0.73220000
0.74080000
0.76100000
0.77440000
0.77250000
0.76850000
0.76110000
0.77140000
0.77130000
0.76380000
0.76230000
0.76020000
0.76400000
0.76830000
0.74990000
0.74060000
0.72040000
0.70400000
0.69830000
0.69470000
0.70820000
0.68820000
0.69120000
0.67520000
0.66130000
0.68230000
0.66360000
0.64910000
0.63630000
0.64260000
0.62800000
0.63340000
0.62410000
0.61990000
0.62690000
0.64230000
0.62860000
0.60210000
0.60730000
0.62780000
0.62300000
0.63790000
0.64510000
0.63970000
0.64210000
0.63690000
0.63150000
0.63740000
0.62790000
0.63270000
0.62590000
0.62710000
0.61370000
0.63790000
0.65750000
0.66330000
0.65210000
0.65410000
0.66890000
0.67100000
0.66940000
0.66970000
0.66840000
0.66750000
0.66720000
0.66970000
0.67620000
0.68300000
0.67050000
0.65400000
0.63970000
0.63540000
0.64610000
0.64360000
0.63750000
0.61930000
0.61250000
0.61370000
0.61870000
0.61420000
0.61340000
0.61300000
0.61360000
0.61690000
0.61250000
0.61780000
0.61500000
0.60830000
0.61010000
0.60200000
0.59470000
0.59510000
0.59490000
0.60630000
0.63290000
0.63470000
0.62260000
0.60660000
0.61620000
0.62420000
0.61790000
0.64010000
0.63820000
0.64210000
0.64050000
0.64840000
0.64390000
0.65760000
0.65180000
0.65730000
0.65080000
0.64630000
0.64510000
0.64570000
0.63490000
0.63920000
0.65280000
0.65950000
0.67090000
0.69150000
0.72530000
0.73040000
0.72390000
0.75410000
0.71100000
0.69630000
0.69090000
0.70660000
0.69250000
0.68370000
0.68550000
0.68540000
0.67100000
0.66950000
0.68120000
0.66710000
0.65160000
0.65660000
0.65990000
0.64830000
0.65620000
0.64460000
0.65490000
0.64750000
0.64280000
0.63790000
0.63100000
0.63360000
0.62200000
0.61780000
0.62500000
0.61730000
0.63620000
0.64040000
0.64420000
0.63920000
0.63730000
0.61080000
0.61830000
0.62140000
0.61640000
0.61380000
0.61920000
0.61000000
0.61630000
0.61110000
0.61040000
0.62030000
0.61310000
0.60680000
0.61050000
0.60300000
0.60640000
0.60150000
0.60170000
0.59420000
0.59340000
0.59490000
0.60230000
0.60920000
0.62940000
0.60940000
0.60060000
0.59870000
0.60130000
0.59530000
0.59870000
0.61230000
0.60880000
0.60290000
0.59910000
0.60520000
0.61050000
0.62310000
0.67250000
0.69710000
0.69140000
0.69180000
0.70100000
0.68400000
0.69060000
0.68170000
0.67690000
0.67300000
0.67110000
0.66650000
0.66570000
0.67020000
0.65410000
0.66010000
0.66190000
0.67720000
0.68110000
0.67590000
0.66400000
0.65360000
0.64780000
0.65410000
0.66080000
0.65250000
0.65450000
0.65130000
0.65670000
0.64800000
0.66070000
0.66090000
0.65250000
0.65510000
0.66390000
0.67080000
0.69210000
0.72280000
0.78190000
0.78100000
0.78680000
0.79670000
0.78520000
0.77570000
0.76800000
0.76940000
0.77430000
0.77470000
0.77540000
0.77120000
0.78010000
0.77840000
0.77410000
0.77080000
0.78300000
0.78320000
0.78720000
0.78290000
0.77380000
0.76700000
0.77160000
0.77790000
0.78810000
0.79620000
0.78510000
0.77820000
0.77630000
0.77770000
0.79230000
0.83200000
0.81840000
0.85040000
0.85200000
0.84430000
0.85970000
0.85800000
0.85430000
0.85730000
0.84320000
0.83020000
0.82350000
0.81540000
0.84230000
0.85610000
0.86450000
0.86530000
0.87430000
0.85830000
0.85130000
0.84480000
0.88160000
0.86000000
0.84970000
0.84090000
0.83840000
0.83490000
0.83610000
0.82950000
0.82370000
0.82780000
0.81840000
0.81810000
0.81210000
0.80910000
0.79770000
0.81270000
0.80950000
0.80670000
0.80850000
0.78920000
0.78670000
0.77800000
0.77440000
0.78290000
0.77650000
0.77700000
0.76020000
0.75410000
0.75130000
0.76030000
0.74780000
0.74200000
0.73870000
0.73990000
0.73890000
0.73430000
0.73760000
0.72950000
0.72450000
0.71300000
0.70310000
0.71090000
0.71480000
0.74290000
0.72610000
0.72190000
0.71940000
0.73480000
0.71960000
0.72060000
0.71450000
0.72640000
0.72270000
0.71810000
0.71780000
0.72560000
0.71840000
0.71680000
0.71750000
0.72550000
0.73680000
0.73010000
0.72590000
0.71780000
0.71890000
0.71530000
0.70560000
0.71880000
0.71480000
0.71690000
0.71070000
0.71720000
0.72010000
0.71530000
0.71180000
0.71040000
0.71610000
0.71740000
0.72100000
0.70950000
0.70890000
0.70330000
0.69860000
0.69350000
0.67700000
0.68570000
0.70990000
0.70770000
0.69640000
0.73940000
0.72890000
0.70870000
0.70570000
0.71440000
0.70930000
0.75450000
0.76630000
0.75520000
0.74160000
0.73730000
0.73770000
0.73930000
0.74300000
0.74300000
0.73450000
0.71480000
0.71700000
0.72070000
0.71980000
0.72680000
0.72150000
0.74320000
0.75340000
0.75440000
0.73550000
0.72660000
0.70810000
0.70210000
0.70150000
0.71640000
0.71470000
0.71810000
0.71370000
0.70970000
0.71280000
0.70760000
0.70190000
0.68920000
0.68690000
0.66810000
0.66630000
0.66860000
0.67060000
0.66050000
0.65530000
0.65730000
0.65370000
0.64980000
0.64750000
0.65280000
0.65720000
0.68620000
0.67440000
0.67920000
0.67170000
0.68510000
0.69210000
0.70730000
0.70750000
0.70890000
0.72910000
0.70760000
0.71150000
0.70720000
0.70860000
0.71030000
0.70330000
0.70840000
0.70370000
0.69800000
0.70150000
0.70190000
0.71290000
0.70120000
0.69880000
0.69580000
0.69220000
0.69690000
0.70040000
0.70240000
0.70270000
0.70130000
0.71000000
0.70900000
0.71940000
0.72090000
0.71980000
0.73330000
0.72670000
0.71390000
0.71620000
0.71320000
0.70790000
0.70740000
0.71120000
0.71610000
0.71250000
0.70510000
0.69520000
0.70010000
0.69990000
0.71000000
0.71300000
0.71860000
0.70890000
0.70730000
0.70180000
0.70590000
0.70260000
0.69710000
0.70030000
0.69640000
0.69430000
0.69030000
0.69210000
0.68320000
0.68050000
0.68430000
0.68030000
0.67590000
0.67500000
0.67460000
0.67910000
0.67290000
0.66940000
0.66680000
0.66700000
0.67190000
0.66320000
0.66150000
0.65630000
0.65180000
0.65450000
0.64590000
0.64620000
0.63160000
0.63110000
0.64140000
0.64570000
0.64910000
0.64570000
0.65130000
0.64040000
0.63930000
0.64120000
0.63960000
0.64040000
0.64740000
0.64790000
0.64460000
0.64050000
0.63670000
0.63890000
0.63400000
0.64240000
0.64310000
0.63990000
0.64320000
0.63980000
0.63610000
0.63700000
0.63650000
0.63290000
0.63250000
0.63740000
0.64630000
0.64100000
0.63730000
0.63270000
0.63440000
0.62950000
0.63550000
0.63390000
0.62400000
0.62110000
0.63170000
0.64240000
0.64850000
0.64670000
0.64450000
0.64620000
0.63660000
0.63580000
0.63640000
0.63840000
0.64140000
0.64000000
0.63900000
0.63730000
0.63360000
0.63550000
0.63560000
0.64310000
0.64280000
0.64710000
0.65200000
0.64950000
0.64390000
0.64160000
0.63890000
0.64040000
0.63630000
0.64160000
0.63950000
0.65130000
0.65730000
0.66290000
0.66650000
0.66690000
0.65950000
0.66580000
0.66290000
0.66420000
0.65900000
0.67010000
0.66450000
0.65790000
0.65870000
0.65220000
0.65220000
0.65540000
0.66260000
0.66520000
0.65590000
0.65640000
0.65300000
0.64920000
0.64800000
0.64900000
0.66180000
0.66370000
0.65970000
0.65390000
0.65700000
0.65970000
0.65630000
0.64940000
0.64560000
0.64370000
0.64040000
0.63960000
0.64200000
0.64220000
0.64660000
0.64800000
0.64980000
0.65210000
0.65780000
0.65390000
0.64830000
0.64630000
0.64330000
0.64570000
0.63990000
0.63720000
0.63950000
0.63740000
0.63920000
0.63510000
0.63360000
0.63490000
0.63400000
0.63000000
0.62970000
0.63310000
0.62770000
0.62450000
0.62090000
0.61900000
0.61590000
0.61570000
0.61470000
0.61860000
0.62530000
0.63510000
0.64230000
0.64350000
0.63000000
0.63140000
0.62580000
0.60620000
0.60310000
0.60850000
0.60950000
0.60800000
0.60650000
0.60350000
0.60540000
0.60590000
0.60860000
0.60430000
0.60290000
0.60460000
0.60300000
0.60160000
0.61300000
0.61020000
0.61640000
0.61360000
0.61220000
0.62080000
0.62030000
0.62330000
0.62150000
0.62130000
0.61580000
0.61680000
0.61480000
0.61610000
0.61480000
0.62000000
0.61340000
0.60830000
0.60410000
0.60580000
0.60230000
0.59660000
0.59550000
0.59910000
0.61350000
0.60580000
0.59200000
0.58210000
0.58530000
0.57300000
0.57730000
0.57590000
0.57480000
0.57200000
0.56550000
0.55960000
0.55520000
0.56270000
0.56380000
0.55810000
0.55910000
0.55470000
0.55350000
0.55140000
0.54440000
0.54520000
0.54010000
0.54360000
0.54120000
0.53640000
0.53500000
0.53760000
0.53220000
0.53080000
0.52570000
0.51760000
0.51230000
0.50820000
0.51150000
0.49400000
0.50900000
0.50830000
0.50330000
0.50110000
0.49400000
0.50060000
0.50160000
0.49260000
0.49420000
0.49330000
0.48210000
0.48160000
0.47800000
0.47530000
0.47140000
0.49560000
0.49110000
0.48630000
0.50170000
0.49690000
0.52160000
0.53530000
0.54790000
0.52370000
0.52600000
0.51930000
0.51700000
0.51840000
0.51860000
0.52550000
0.52140000
0.52420000
0.52380000
0.52370000
0.53830000
0.54850000
0.52200000
0.51330000
0.51310000
0.50500000
0.51060000
0.50550000
0.50800000
0.50260000
0.49970000
0.49910000
0.50100000
0.50130000
0.50290000
0.50120000
0.50290000
0.51480000
0.54060000
0.53950000
0.54110000
0.54550000
0.54370000
0.53970000
0.53440000
0.54180000
0.54200000
0.53620000
0.53900000
0.53500000
0.52990000
0.53170000
0.55490000
0.54040000
0.53920000
0.53730000
0.53170000
0.52050000
0.52290000
0.53100000
0.52690000
0.52770000
0.52960000
0.52480000
0.52400000
0.52960000
0.52900000
0.52660000
0.53060000
0.53170000
0.55120000
0.53930000
0.53770000
0.53640000
0.53290000
0.52750000
0.51730000
0.51580000
0.51210000
0.51270000
0.51690000
0.51330000
0.50690000
0.50770000
0.50880000
0.50710000
0.50970000
0.51200000
0.50870000
0.50490000
0.51020000
0.51600000
0.50740000
0.50630000
0.50610000
0.50440000
0.50370000
0.49960000
0.49780000
0.50180000
0.50140000
0.49570000
0.49380000
0.49220000
0.49970000
0.49720000
0.49040000
0.48970000
0.48500000
0.48830000
0.48460000
0.48430000
0.49210000
0.48950000
0.48890000
0.48580000
0.47780000
0.47880000
0.47610000
0.47200000
0.47530000
0.47870000
0.47260000
0.47230000
0.47220000
0.46830000
0.46170000
0.45830000
0.45580000
0.45550000
0.45420000
0.45650000
0.45580000
0.45030000
0.44490000
0.44220000
0.44720000
0.44320000
0.43770000
0.43480000
0.43460000
0.42900000
0.42680000
0.42960000
0.42940000
0.42550000
0.42410000
0.43130000
0.43300000
0.43170000
0.43580000
0.43450000
0.43710000
0.43260000
0.44190000
0.43640000
0.44810000
0.44000000
0.43680000
0.43690000
0.44330000
0.44600000
0.44410000
0.44190000
0.44030000
0.44350000
0.43950000
0.44580000
0.45010000
0.45690000
0.45570000
0.45470000
0.45060000
0.45380000
0.45690000
0.45850000
0.46150000
0.45970000
0.46020000
0.46330000
0.46460000
0.46050000
0.46100000
0.45890000
0.45420000
0.45180000
0.45650000
0.45400000
0.45480000
0.46350000
0.46240000
0.46050000
0.46050000
0.45790000
0.46170000
0.45700000
0.45530000
0.45040000
0.44990000
0.45170000
0.45050000
0.44500000
0.44590000
0.44030000
0.44350000
0.44830000
0.44360000
0.44570000
0.45650000
0.44950000
0.44950000
0.45140000
0.44370000
0.44400000
0.44840000
0.44920000
0.45070000
0.45910000
0.45930000
0.45450000
0.44820000
0.45240000
0.45310000
0.46230000
0.44060000
0.43410000
0.47210000
0.46670000
0.46940000
0.50410000
0.49630000
0.48960000
0.48270000
0.49270000
0.49860000
0.48800000
0.48450000
0.48350000
0.47650000
0.47110000
0.47210000
0.47040000
0.46470000
0.45830000
0.44850000
0.44390000
0.44120000
0.44410000
0.45210000
0.45470000
0.46600000
0.45300000
0.45450000
0.45260000
0.44780000
0.45120000
0.45420000
0.45310000
0.45080000
0.45990000
0.45470000
0.46260000
0.46730000
0.46600000
0.47570000
0.47110000
0.47150000
0.47500000
0.47160000
0.46780000
0.46640000
0.46450000
0.46080000
0.45970000
0.45860000
0.46720000
0.46120000
0.46270000
0.46400000
0.47010000
0.47530000
0.47740000
0.47750000
0.48780000
0.48300000
0.49640000
0.49200000
0.51320000
0.50460000
0.50800000
0.50420000
0.54130000
0.51990000
0.52470000
0.51880000
0.51490000
0.51750000
0.52580000
0.51280000
0.51340000
0.51450000
0.51420000
0.50830000
0.52140000
0.52290000
0.51750000
0.51170000
0.50490000
0.51110000
0.52560000
0.52090000
0.52030000
0.51400000
0.51120000
0.49690000
0.49500000
0.48740000
0.48470000
0.49010000
0.49140000
0.48910000
0.49300000
0.48340000
0.48910000
0.48960000
0.49010000
0.48120000
0.48200000
0.48260000
0.48690000
0.47960000
0.47930000
0.48350000
0.47900000
0.48000000
0.47670000
0.47580000
0.47440000
0.47210000
0.46930000
0.46530000
0.46770000
0.47210000
0.47540000
0.47870000
0.47410000
0.47610000
0.47600000
0.47850000
0.47210000
0.46930000
0.46620000
0.46380000
0.46080000
0.45850000
0.46010000
0.45510000
0.45730000
0.45370000
0.45170000
0.45210000
0.45310000
0.45160000
0.45020000
0.44720000
0.45520000
0.46260000
0.45910000
0.46250000
0.46150000
0.45640000
0.45770000
0.45260000
0.46880000
0.46280000
0.45670000
0.45830000
0.45790000
0.45930000
0.46270000
0.46100000
0.46440000
0.46460000
0.46680000
0.47630000
0.47680000
0.48570000
0.48590000
0.48930000
0.49040000
0.48470000
0.49220000
0.49220000
0.49370000
0.49470000
0.49530000
0.48310000
0.48630000
0.48150000
0.47920000
0.48390000
0.49300000
0.49080000
0.48860000
0.48700000
0.48420000
0.48390000
0.48390000
0.48510000
0.48630000
0.47590000
0.47130000
0.47320000
0.46660000
0.45820000
0.45170000
0.45340000
0.45710000
0.45470000
0.45540000
0.45260000
0.45060000
0.45060000
0.45050000
0.44690000
0.44240000
0.44490000
0.44780000
0.44590000
0.44770000
0.44650000
0.44310000
0.44060000
0.44190000
0.43850000
0.44010000
0.43700000
0.43310000
0.43310000
0.43580000
0.44720000
0.44760000
0.44760000
0.44220000
0.44100000
0.44290000
0.44240000
0.44370000
0.43840000
0.43490000
0.43360000
0.43460000
0.43240000
0.43560000
0.43870000
0.43560000
0.43650000
0.43720000
0.43510000
0.43840000
0.43530000
0.43500000
0.43160000
0.43520000
0.43170000
0.42480000
0.42100000
0.42340000
0.42250000
0.41860000
0.41300000
0.41080000
0.40960000
0.40660000
0.40050000
0.39870000
0.39880000
0.39830000
0.39820000
0.39500000
0.39870000
0.40320000
0.39990000
0.40320000
0.40150000
0.39980000
0.40020000
0.40170000
0.40450000
0.40450000
0.39860000
0.39380000
0.39660000
0.39450000
0.39610000
0.39340000
0.39180000
0.39010000
0.39040000
0.39070000
0.38760000
0.38870000
0.38770000
0.38250000
0.38680000
0.39280000
0.38680000
0.39130000
0.38900000
0.38750000
0.38410000
0.37710000
0.37550000
0.37270000
0.36910000
0.36600000
0.35950000
0.35870000
0.35770000
0.36550000
0.36880000
0.36760000
0.36160000
0.35920000
0.35490000
0.35240000
0.35300000
0.34940000
0.34260000
0.34160000
0.34260000
0.33900000
0.35310000
0.35240000
0.35310000
0.35500000
0.35490000
0.35470000
0.35790000
0.35390000
0.35300000
0.35810000
0.35400000
0.34970000
0.34570000
0.33990000
0.34730000
0.34420000
0.35230000
0.35950000
0.35700000
0.35550000
0.35420000
0.35400000
0.35480000
0.35490000
0.35530000
0.36200000
0.36580000
0.36360000
0.36260000
0.35940000
0.36020000
0.35770000
0.35430000
0.35390000
0.35700000
0.35440000
0.35270000
0.35220000
0.35130000
0.35150000
0.35000000
0.34600000
0.35000000
0.34870000
0.34950000
0.34530000
0.34240000
0.34200000
0.34550000
0.34460000
0.34200000
0.33660000
0.34570000
0.34700000
0.34940000
0.35050000
0.34650000
0.34900000
0.34920000
0.34740000
0.34280000
0.33960000
0.34250000
0.34440000
0.33250000
0.33240000
0.32490000
0.32410000
0.32200000
0.31610000
0.31180000
0.30870000
0.31130000
0.31220000
0.30220000
0.30400000
0.30330000
0.30840000
0.32050000
0.32220000
0.32500000
0.32180000
0.31910000
0.31430000
0.31180000
0.31070000
0.30940000
0.30750000
0.31400000
0.30750000
0.29770000
0.30880000
0.30230000
0.30130000
0.31120000
0.31030000
0.31010000
0.30630000
0.29240000
0.31270000
0.30490000
0.29960000
0.30010000
0.26760000
0.26350000
0.25850000
0.25730000
0.25320000
0.26060000
0.25630000
0.25500000
0.26270000
0.26200000
0.25720000
0.25590000
0.25010000
0.25140000
0.25710000
0.26920000
0.27550000
0.26910000
0.26860000
0.26820000
0.27370000
0.28160000
0.28280000
0.28240000
0.28730000
0.28340000
0.28000000
0.27540000
0.28270000
0.29240000
0.28740000
0.28590000
0.28320000
0.28300000
0.28420000
0.29600000
0.29930000
0.30420000
0.29780000
0.29850000
0.29820000
0.29680000
0.29740000
0.29420000
0.28870000
0.28860000
0.28780000
0.29640000
0.29530000
0.28700000
0.28460000
0.30560000
0.31750000
0.31490000
0.33040000
0.33410000
0.34050000
0.32720000
0.32960000
0.33810000
0.34350000
0.34310000
0.34040000
0.33890000
0.33660000
0.33630000
0.34100000
0.34100000
0.34010000
0.34020000
0.33950000
0.34150000
0.34360000
0.33650000
0.33910000
0.33840000
0.34090000
0.34390000
0.35310000
0.35740000
0.38690000
0.37910000
0.37450000
0.36590000
0.37220000
0.36670000
0.36590000
0.36520000
0.36100000
0.35490000
0.35070000
0.35390000
0.34720000
0.34530000
0.34460000
0.33690000
0.34150000
0.34120000
0.34280000
0.34300000
0.33800000
0.33930000
0.33590000
0.33640000
0.33610000
0.33910000
0.33630000
0.33440000
0.33160000
0.32000000
0.31400000
0.31330000
0.31330000
0.31790000
0.31340000
0.31590000
0.31520000
0.31220000
0.31060000
0.30510000
0.30260000
0.30430000
0.30150000
0.29490000
0.29640000
0.30350000
0.30330000
0.30280000
0.30050000
0.30300000
0.30430000
0.31480000
0.31050000
0.31740000
0.31790000
0.32040000
0.31770000
0.32080000
0.32010000
0.32570000
0.33320000
0.34780000
0.34060000
0.33580000
0.33100000
0.32670000
0.33260000
0.34530000
0.33840000
0.33930000
0.33370000
0.33350000
0.33650000
0.34120000
0.33640000
0.33360000
0.33520000
0.34080000
0.33340000
0.33340000
0.33500000
0.33160000
0.33230000
0.33410000
0.33500000
0.34150000
0.34400000
0.33920000
0.32290000
0.31810000
0.32100000
0.32180000
0.31770000
0.31740000
0.31340000
0.30730000
0.30680000
0.30990000
0.31380000
0.31090000
0.31210000
0.31560000
0.31390000
0.31420000
0.31310000
0.31780000
0.32000000
0.31680000
0.32060000
0.32530000
0.32420000
0.32180000
0.31880000
0.31760000
0.32650000
0.32630000
0.33360000
0.32970000
0.32740000
0.32680000
0.32320000
0.32370000
0.32120000
0.32500000
0.32260000
0.32520000
0.32280000
0.32330000
0.33210000
0.32910000
0.32550000
0.32360000
0.32160000
0.32020000
0.32060000
0.32060000
0.32210000
0.32440000
0.32020000
0.31910000
0.32060000
0.32260000
0.32130000
0.31660000
0.31750000
0.31840000
0.32260000
0.32440000
0.32210000
0.32710000
0.32650000
0.32670000
0.32730000
0.32580000
0.32540000
0.32180000
0.32000000
0.32300000
0.32580000
0.32620000
0.32680000
0.32480000
0.33170000
0.32590000
0.32150000
0.32000000
0.32360000
0.32040000
0.31900000
0.31140000
0.30900000
0.30810000
0.31170000
0.31640000
0.30590000
0.30500000
0.30430000
0.30450000
0.30530000
0.30550000
0.30180000
0.30140000
0.30470000
0.30810000
0.30820000
0.30780000
0.30620000
0.29800000
0.30430000
0.30120000
0.30070000
0.30180000
0.29970000
0.30120000
0.29580000
0.29270000
0.29340000
0.29810000
0.29670000
0.29770000
0.29700000
0.30000000
0.29970000
0.29820000
0.29600000
0.29900000
0.29970000
0.29680000
0.29860000
0.30350000
0.30410000
0.30290000
0.30170000
0.29880000
0.29940000
0.30310000
0.29950000
0.29860000
0.30110000
0.30010000
0.30170000
0.29890000
0.29590000
0.29780000
0.29590000
0.29560000
0.29740000
0.30050000
0.30040000
0.29480000
0.29420000
0.29050000
0.29060000
0.29340000
0.29100000
0.28840000
0.28580000
0.29410000
0.29060000
0.28800000
0.28670000
0.28810000
0.28540000
0.28180000
0.28160000
0.27330000
0.26840000
0.26720000
0.27350000
0.26950000
0.27040000
0.26860000
0.26930000
0.27040000
0.27360000
0.27540000
0.27650000
0.27390000
0.27250000
0.27090000
0.26940000
0.26660000
0.26540000
0.26260000
0.25960000
0.26230000
0.25790000
0.25860000
0.25760000
0.25610000
0.26100000
0.26090000
0.25860000
0.25860000
0.25210000
0.25140000
0.25050000
0.25440000
0.25300000
0.24950000
0.24860000
0.25410000
0.25080000
0.24850000
0.25320000
0.24900000
0.24750000
0.24860000
0.25170000
0.24780000
0.24780000
0.24900000
0.24850000
0.24770000
0.24370000
0.24290000
0.24320000
0.24910000
0.25050000
0.24590000
0.24480000
0.25070000
0.25300000
0.25680000
0.26260000
0.26290000
0.26100000
0.25930000
0.25880000
0.25790000
0.25660000
0.25400000
0.25550000
0.25910000
0.25910000
0.25720000
0.25560000
0.25340000
0.25180000
0.25390000
0.25360000
0.25110000
0.24850000
0.24740000
0.24900000
0.25360000
0.25480000
0.25350000
0.25250000
0.25560000
0.25650000
0.25740000
0.25930000
0.25880000
0.26150000
0.26070000
0.26200000
0.26080000
0.26510000
0.26430000
0.26190000
0.26570000
0.26300000
0.26240000
0.26710000
0.26120000
0.26010000
0.26390000
0.26320000
0.26220000
0.26160000
0.27080000
0.28050000
0.28450000
0.29800000
0.29060000
0.28840000
0.27550000
0.27330000
0.27090000
0.26510000
0.26120000
0.26240000
0.25900000
0.25640000
0.25550000
0.25270000
0.25140000
0.24990000
0.25310000
0.25290000
0.25350000
0.25100000
0.25140000
0.24770000
0.24690000
0.24460000
0.24020000
0.23630000
0.23670000
0.23530000
0.23710000
0.23660000
0.23440000
0.23530000
0.23290000
0.23210000
0.23310000
0.23250000
0.23340000
0.23470000
0.23650000
0.23790000
0.23860000
0.24150000
0.24260000
0.24310000
0.24250000
0.24220000
0.24040000
0.23900000
0.23820000
0.24030000
0.23920000
0.24220000
0.24330000
0.24120000
0.24150000
0.24100000
0.24010000
0.23910000
0.23840000
0.23880000
0.23920000
0.23830000
0.23860000
0.23790000
0.23980000
0.24190000
0.24020000
0.23910000
0.23800000
0.23730000
0.24090000
0.24350000
0.24330000
0.24220000
0.24140000
0.23930000
0.24090000
0.24360000
0.24220000
0.24450000
0.24610000
0.24800000
0.24620000
0.24640000
0.24780000
0.24720000
0.24670000
0.24900000
0.24980000
0.25120000
0.25070000
0.25300000
0.25680000
0.25330000
0.25530000
0.25520000
0.25410000
0.25210000
0.24790000
0.25270000
0.25220000
0.25190000
0.24770000
0.24860000
0.24620000
0.24820000
0.24840000
0.25150000
0.25370000
0.25580000
0.25590000
0.25770000
0.25820000
0.25650000
0.25460000
0.25490000
0.25840000
0.26130000
0.25800000
0.25730000
0.25860000
0.25820000
0.25590000
0.25500000
0.25490000
0.25500000
0.25600000
0.25580000
0.25440000
0.25340000
0.25110000
0.25080000
0.25460000
0.25720000
0.25770000
0.25490000
0.25990000
0.25770000
0.25580000
0.25560000
0.25620000
0.26150000
0.26090000
0.25940000
0.25730000
0.25520000
0.25510000
0.25270000
0.25500000
0.25950000
0.27050000
0.26880000
0.26620000
0.26320000
0.26280000
0.26070000
0.26030000
0.26210000
0.26240000
0.26080000
0.25650000
0.25640000
0.25940000
0.26270000
0.25950000
0.25750000
0.25560000
0.25670000
0.25780000
0.25690000
0.25390000
0.25640000
0.25170000
0.25030000
0.24890000
0.25020000
0.25100000
0.25290000
0.25370000
0.25190000
0.25170000
0.25050000
0.24690000
0.24490000
0.24660000
0.24620000
0.24490000
0.24550000
0.24240000
0.24060000
0.23660000
0.23220000
0.23280000
0.23190000
0.23050000
0.22820000
0.23010000
0.23150000
0.23180000
0.23100000
0.23360000
0.23170000
0.23080000
0.23310000
0.23170000
0.23070000
0.22910000
0.22830000
0.22890000
0.23070000
0.23190000
0.23250000
0.23200000
0.23020000
0.22990000
0.22900000
0.22950000
0.23230000
0.23050000
0.22870000
0.22720000
0.22440000
0.22170000
0.21890000
0.22060000
0.22240000
0.22830000
0.22680000
0.22750000
0.22640000
0.22700000
0.22780000
0.23130000
0.23180000
0.23560000
0.23320000
0.23180000
0.22900000
0.22520000
0.22500000
0.22200000
0.22310000
0.22730000
0.22620000
0.22870000
0.23060000
0.24550000
0.24120000
0.24430000
0.24770000
0.24740000
0.24850000
0.25210000
0.24830000
0.24860000
0.24970000
0.24790000
0.24720000
0.24770000
0.24940000
0.25110000
0.25070000
0.24910000
0.25030000
0.25240000
0.25140000
0.25410000
0.25370000
0.25380000
0.25460000
0.25270000
0.25330000
0.25110000
0.25130000
0.24980000
0.25190000
0.25730000
0.26550000
0.26850000
0.26080000
0.25810000
0.25560000
0.25620000
0.25480000
0.25770000
0.26400000
0.27680000
0.29750000
0.28920000
0.29980000
0.29670000
0.29370000
0.29920000
0.29660000
0.29360000
0.29240000
0.29450000
0.28580000
0.28500000
0.28350000
0.28250000
0.28650000
0.28150000
0.28160000
0.27620000
0.27340000
0.27080000
0.27220000
0.27160000
0.27190000
0.26860000
0.26590000
0.26630000
0.26880000
0.26990000
0.26820000
0.26540000
0.26490000
0.26360000
0.26020000
0.26160000
0.26090000
0.26190000
0.25840000
0.25830000
0.25600000
0.25330000
0.25540000
0.25950000
0.26520000
0.27140000
0.26890000
0.27010000
0.27810000
0.28110000
0.27450000
0.27490000
0.27100000
0.27560000
0.27760000
0.27580000
0.27990000
0.27930000
0.28090000
0.28450000
0.28140000
0.28370000
0.29080000
0.29420000
0.30350000
0.30380000
0.30770000
0.31100000
0.30520000
0.30350000
0.30180000
0.29750000
0.30760000
0.30740000
0.30260000
0.30390000
0.30200000
0.30180000
0.30070000
0.30050000
0.30200000
0.29990000
0.29560000
0.29160000
0.28520000
0.28760000
0.28600000
0.28380000
0.28610000
0.28160000
0.28320000
0.28330000
0.28300000
0.28270000
0.28720000
0.28240000
0.27810000
0.27560000
0.26680000
0.27100000
0.27740000
0.27880000
0.27710000
0.27920000
0.27850000
0.27690000
0.27730000
0.28050000
0.27550000
0.27600000
0.27410000
0.27190000
0.27500000
0.27260000
0.27260000
0.27090000
0.26950000
0.27170000
0.27130000
0.27280000
0.26750000
0.26650000
0.26520000
0.26380000
0.26320000
0.26130000
0.26340000
0.26300000
0.26220000
0.26590000
0.26570000
0.26780000
0.27010000
0.26470000
0.25940000
0.26570000
0.26470000
0.26100000
0.26220000
0.26230000
0.26070000
0.26100000
0.26590000
0.26100000
0.26100000
0.26050000
0.26130000
0.25850000
0.25750000
0.25980000
0.25690000
0.25440000
0.25730000
0.25560000
0.25450000
0.25380000
0.24980000
0.24920000
0.25130000
0.25350000
0.25590000
0.25340000
0.25350000
0.25320000
0.25110000
0.25110000
0.24970000
0.25170000
0.25280000
0.25540000
0.25350000
0.25600000
0.25320000
0.25240000
0.25110000
0.24830000
0.24760000
0.25010000
0.25000000
0.24900000
0.24800000
0.24670000
0.24610000
0.24810000
0.24930000
0.25090000
0.25090000
0.25240000
0.25090000
0.24690000
0.24600000
0.24520000
0.25230000
0.23500000
0.23640000
0.23660000
0.23330000
0.23480000
0.23500000
0.22960000
0.23150000
0.23100000
0.23060000
0.22500000
0.22260000
0.23080000
0.24030000
0.23860000
0.24380000
0.24130000
0.24240000
0.24170000
0.23740000
0.23500000
0.23750000
0.23530000
0.23750000
0.23750000
0.24090000
0.24180000
0.24590000
0.24170000
0.24120000
0.24650000
0.24520000
0.25170000
0.24610000
0.24630000
0.25890000
0.25760000
0.25890000
0.26280000
0.25450000
0.25630000
0.25810000
0.25580000
0.25460000
0.25180000
0.25490000
0.25780000
0.25880000
0.25700000
0.26210000
0.25910000
0.25930000
0.25780000
0.25950000
0.26510000
0.26860000
0.27030000
0.26840000
0.26560000
0.26530000
0.26280000
0.26070000
0.25830000
0.25760000
0.25820000
0.25870000
0.26010000
0.26400000
0.26030000
0.25660000
0.25560000
0.25170000
0.25110000
0.24880000
0.24860000
0.24850000
0.24550000
0.24570000
0.24620000
0.24730000
0.24690000
0.24670000
0.24610000
0.24280000
0.24140000
0.24070000
0.24040000
0.23820000
0.24030000
0.23950000
0.23760000
0.23790000
0.23980000
0.23860000
0.23670000
0.23580000
0.23790000
0.23670000
0.23350000
0.23450000
0.23740000
0.23410000
0.23430000
0.23790000
0.24130000
0.23830000
0.23550000
0.23050000
0.23210000
0.23130000
0.23220000
0.23330000
0.23460000
0.23130000
0.23080000
0.23270000
0.23310000
0.23550000
0.24090000
0.23520000
0.23560000
0.23410000
0.23660000
0.23550000
0.23410000
0.23420000
0.23540000
0.23370000
0.23510000
0.23400000
0.23330000
0.23320000
0.23240000
0.23160000
0.23230000
0.23500000
0.23740000
0.23530000
0.23420000
0.23510000
0.23340000
0.23690000
0.23460000
0.23590000
0.23380000
0.23570000
0.23900000
0.23590000
0.23830000
0.23580000
0.23650000
0.23620000
0.23520000
0.23930000
0.23680000
0.23620000
0.23580000
0.23620000
0.23710000
0.23560000
0.23390000
0.23570000
0.23380000
0.23440000
0.23640000
0.23790000
0.24040000
0.24100000
0.23980000
0.23830000
0.23640000
0.24040000
0.23800000
0.23790000
0.24270000
0.24380000
0.24830000
0.24930000
0.25150000
0.24730000
0.25100000
0.24880000
0.24850000
0.24510000
0.24260000
0.24270000
0.24120000
0.24310000
0.24060000
0.23970000
0.24040000
0.23800000
0.24150000
0.24170000
0.24300000
0.24340000
0.25010000
0.25370000
0.24630000
0.24610000
0.25010000
0.25570000
0.25150000
0.25060000
0.25280000
0.25890000
0.25600000
0.26010000
0.26210000
0.26480000
0.26450000
0.26310000
0.25920000
0.25950000
0.26140000
0.25930000
0.26020000
0.25830000
0.25840000
0.25710000
0.25660000
0.25510000
0.25220000
0.25230000
0.25350000
0.25390000
0.24970000
0.24700000
0.23950000
0.23840000
0.24170000
0.24290000
0.24250000
0.24300000
0.24200000
0.23780000
0.23840000
0.23920000
0.23970000
0.23820000
0.23960000
0.24200000
0.24640000
0.24200000
0.24330000
0.24220000
0.24320000
0.24170000
0.24190000
0.24070000
0.24010000
0.23950000
0.23660000
0.23710000
0.23610000
0.23630000
0.23530000
0.23490000
0.23310000
0.23430000
0.23150000
0.22960000
0.22720000
0.22980000
0.23040000
0.22930000
0.22880000
0.22910000
0.22920000
0.22830000
0.22860000
0.22640000
0.22710000
0.22690000
0.22630000
0.22660000
0.22550000
0.22660000
0.22670000
0.22450000
0.22440000
0.22350000
0.22340000
0.22460000
0.22210000
0.22310000
0.22130000
0.22240000
0.22200000
0.22060000
0.21720000
0.21680000
0.21400000
0.21710000
0.21680000
0.21510000
0.21480000
0.21360000
0.21180000
0.21200000
0.20990000
0.21070000
0.21170000
0.21130000
0.21100000
0.21300000
0.21350000
0.21360000
0.21640000
0.21570000
0.21380000
0.21310000
0.21300000
0.21150000
0.21300000
0.21140000
0.21150000
0.21160000
0.21160000
0.21210000
0.21180000
0.21360000
0.21360000
0.21170000
0.21170000
0.21540000
0.21580000
0.21480000
0.21500000
0.21440000
0.21470000
0.21490000
0.21430000
0.21400000
0.21330000
0.21240000
0.21210000
0.21270000
0.21080000
0.21080000
0.21090000
0.21030000
0.21060000
0.21120000
0.21240000
0.21440000
0.21590000
0.21560000
0.21740000
0.21760000
0.21640000
0.21670000
0.21670000
0.21890000
0.21800000
0.21850000
0.21720000
0.21650000
0.21540000
0.21450000
0.21530000
0.21630000
0.21640000
0.21810000
0.21450000
0.21510000
0.21320000
0.21460000
0.21530000
0.21670000
0.22200000
0.22260000
0.21940000
0.21990000
0.22160000
0.22460000
0.22420000
0.22460000
0.22190000
0.22140000
0.21900000
0.21810000
0.21600000
0.21780000
0.21450000
0.21370000
0.21430000
0.21290000
0.21480000
0.21610000
0.21610000
0.21850000
0.21670000
0.21560000
0.21630000
0.21830000
0.21540000
0.21460000
0.21670000
0.21540000
0.21410000
0.21340000
0.21290000
0.21140000
0.21190000
0.21460000
0.21310000
0.21310000
0.21410000
0.21530000
0.21530000
0.21550000
0.21360000
0.21220000
0.21120000
0.21340000
0.21750000
0.21820000
0.21850000
0.21670000
0.21650000
0.21890000
0.21720000
0.21930000
0.21890000
0.21760000
0.21730000
0.21720000
0.21710000
0.21960000
0.22110000
0.22240000
0.22410000
0.22680000
0.22300000
0.22200000
0.21950000
0.21960000
0.21620000
0.21480000
0.21480000
0.21830000
0.21670000
0.21600000
0.21460000
0.21320000
0.21380000
0.20750000
0.21060000
0.21250000
0.21580000
0.21360000
0.21390000
0.21410000
0.21290000
0.21120000
0.20840000
0.21020000
0.21370000
0.21050000
0.21120000
0.21500000
0.21670000
0.21680000
0.21940000
0.21760000
0.22140000
0.22130000
0.21960000
0.21980000
0.21930000
0.21870000
0.21880000
0.22030000
0.22180000
0.22290000
0.22140000
0.22200000
0.22080000
0.21930000
0.21850000
0.21980000
0.22490000
0.22080000
0.22050000
0.22100000
0.21760000
0.21650000
0.21210000
0.20980000
0.20840000
0.20730000
0.20510000
0.20520000
0.20510000
0.20100000
0.19920000
0.19650000
0.19680000
0.19490000
0.19370000
0.19530000
0.19490000
0.19590000
0.19570000
0.19570000
0.19930000
0.20170000
0.20000000
0.20030000
0.20180000
0.20320000
0.20180000
0.20360000
0.20190000
0.20160000
0.20110000
0.20030000
0.20060000
0.20110000
0.20000000
0.20080000
0.20220000
0.20050000
0.20030000
0.20140000
0.20280000
0.20220000
0.20270000
0.20260000
0.20130000
0.20210000
0.20120000
0.20190000
0.20260000
0.20130000
0.20110000
0.20140000
0.20050000
0.19880000
0.19880000
0.19720000
0.19680000
0.19520000
0.19180000
0.19060000
0.18470000
0.18670000
0.18360000
0.18050000
0.18150000
0.18210000
0.18120000
0.18160000
0.18170000
0.18210000
0.18040000
0.18010000
0.18010000
0.18510000
0.18290000
0.18420000
0.18320000
0.18350000
0.18450000
0.18400000
0.18310000
0.18250000
0.18160000
0.18170000
0.18210000
0.18270000
0.18530000
0.18390000
0.18270000
0.18160000
0.18280000
0.18310000
0.18300000
0.18370000
0.17960000
0.17910000
0.17740000
0.17570000
0.17400000
0.17240000
0.17360000
0.17130000
0.17030000
0.16790000
0.17050000
0.16850000
0.16860000
0.17010000
0.17480000
0.17790000
0.17900000
0.17850000
0.17930000
0.18010000
0.18060000
0.18090000
0.18170000
0.18010000
0.17970000
0.18030000
0.18250000
0.18330000
0.18320000
0.18300000
0.18430000
0.18530000
0.18390000
0.18270000
0.18310000
0.18370000
0.18240000
0.18200000
0.18150000
0.18200000
0.18060000
0.17960000
0.17810000
0.17950000
0.17860000
0.17860000
0.18020000
0.17980000
0.18030000
0.17970000
0.17860000
0.17840000
0.17810000
0.17840000
0.17720000
0.17600000
0.17480000
0.17410000
0.17550000
0.17590000
0.17820000
0.17860000
0.18000000
0.17820000
0.17770000
0.18120000
0.18290000
0.18200000
0.18150000
0.18280000
0.18200000
0.18210000
0.18160000
0.17860000
0.17960000
0.17920000
0.18060000
0.18000000
0.18200000
0.18300000
0.18210000
0.18360000
0.18320000
0.18280000
0.18230000
0.18390000
0.18390000
0.18470000
0.18260000
0.17960000
0.18030000
0.18110000
0.18170000
0.18280000
0.18110000
0.18230000
0.17870000
0.17690000
0.17700000
0.17790000
0.18010000
0.17780000
0.17940000
0.18110000
0.17960000
0.18130000
0.18090000
0.18010000
0.18030000
0.18100000
0.17770000
0.17790000
0.17720000
0.17690000
0.17940000
0.17900000
0.17730000
0.17780000
0.18060000
0.17850000
0.17820000
0.17640000
0.17610000
0.17690000
0.17580000
0.17350000
0.17430000
0.17630000
0.17830000
0.18080000
0.18050000
0.17970000
0.17970000
0.17830000
0.17790000
0.17760000
0.17920000
0.18100000
0.18060000
0.17860000
0.17550000
0.17660000
0.17860000
0.17820000
0.17790000
0.18240000
0.18140000
0.18030000
0.18040000
0.18260000
0.18460000
0.18870000
0.18760000
0.18810000
0.18660000
0.18540000
0.18730000
0.18480000
0.18250000
0.18280000
0.18210000
0.18280000
0.18170000
0.18240000
0.18610000
0.18510000
0.18490000
0.18410000
0.18430000
0.18560000
0.18390000
0.18400000
0.18520000
0.18620000
0.18550000
0.18960000
0.19610000
0.19390000
0.19350000
0.19310000
0.19060000
0.19270000
0.19190000
0.19040000
0.18910000
0.18660000
0.18210000
0.18170000
0.17830000
0.18020000
0.18310000
0.18310000
0.18320000
0.17910000
0.18120000
0.18190000
0.18040000
0.17840000
0.18100000
0.18280000
0.18210000
0.18070000
0.18200000
0.18390000
0.18390000
0.18390000
0.18710000
0.18730000
0.18640000
0.18740000
0.18910000
0.19180000
0.18990000
0.19110000
0.19060000
0.19100000
0.18970000
0.18860000
0.18760000
0.18850000
0.18820000
0.18680000
0.18850000
0.18890000
0.18830000
0.18780000
0.18850000
0.19390000
0.19430000
0.19290000
0.19500000
0.19260000
0.19120000
0.19100000
0.18840000
0.18800000
0.18740000
0.18810000
0.18810000
0.18630000
0.18450000
0.18450000
0.18510000
0.18760000
0.18750000
0.18650000
0.19200000
0.19070000
0.19240000
0.19160000
0.19160000
0.19060000
0.19100000
0.19000000
0.19120000
0.19290000
0.19590000
0.19680000
0.19700000
0.20020000
0.19820000
0.20130000
0.20170000
0.20420000
0.20460000
0.20830000
0.21840000
0.22230000
0.22460000
0.22640000
0.22060000
0.22300000
0.22960000
0.22110000
0.21910000
0.21980000
0.21980000
0.22300000
0.22140000
0.22190000
0.22490000
0.23000000
0.23400000
0.23010000
0.23060000
0.22760000
0.22490000
0.22560000
0.22500000
0.22220000
0.22630000
0.21940000
0.21040000
0.20890000
0.21540000
0.21380000
0.21680000
0.21600000
0.21200000
0.21340000
0.20880000
0.20910000
0.20810000
0.20860000
0.20590000
0.20430000
0.20330000
0.20050000
0.20010000
0.20060000
0.20120000
0.20080000
0.20350000
0.20220000
0.20140000
0.20000000
0.19960000
0.20140000
0.20040000
0.20160000
0.19890000
0.20010000
0.20050000
0.19880000
0.19870000
0.19780000
0.19550000
0.19470000
0.20150000
0.19860000
0.20120000
0.20230000
0.20290000
0.20230000
0.20100000
0.19940000
0.20210000
0.20020000
0.20000000
0.19900000
0.19540000
0.19670000
0.19650000
0.19970000
0.19980000
0.20000000
0.19790000
0.19900000
0.20070000
0.20050000
0.20130000
0.19830000
0.19690000
0.19660000
0.19850000
0.19930000
0.19940000
0.19770000
0.19900000
0.20240000
0.20270000
0.20120000
0.20250000
0.20060000
0.20150000
0.20610000
0.20690000
0.21350000
0.21210000
0.20620000
0.20760000
0.20820000
0.21120000
0.21020000
0.20940000
0.20880000
0.21120000
0.21160000
0.21590000
0.21560000
0.21240000
0.21270000
0.21480000
0.21200000
0.21160000
0.21240000
0.21590000
0.21690000
0.21720000
0.22170000
0.21910000
0.21730000
0.21940000
0.21500000
0.21840000
0.21490000
0.21370000
0.21320000
0.21550000
0.21520000
0.21260000
0.21170000
0.21230000
0.21220000
0.21230000
0.21210000
0.21120000
0.21230000
0.21490000
0.21370000
0.21710000
0.22020000
0.21960000
0.21930000
0.22080000
0.21860000
0.21930000
0.21940000
0.21900000
0.21830000
0.21750000
0.21770000
0.21510000
0.21600000
0.21800000
0.21830000
0.21330000
0.21290000
0.21170000
0.21180000
0.21240000
0.21370000
0.21400000
0.21280000
0.20940000
0.20970000
0.20870000
0.20850000
0.20750000
0.20720000
0.20830000
0.20820000
0.20720000
0.20760000
0.20670000
0.20640000
0.20740000
0.21010000
0.21130000
0.21190000
0.20940000
0.21340000
0.21490000
0.21380000
0.21220000
0.21210000
0.21110000
0.21180000
0.20940000
0.20970000
0.20760000
0.20890000
0.20890000
0.20880000
0.20690000
0.20750000
0.20650000
0.20570000
0.20450000
0.20300000
0.20010000
0.19940000
0.20000000
0.20010000
0.20230000
0.20260000
0.20440000
0.20490000
0.20350000
0.20280000
0.20190000
0.20070000
0.20120000
0.20080000
0.19870000
0.19820000
0.19850000
0.19970000
0.19970000
0.20010000
0.20040000
0.20140000
0.20170000
0.20180000
0.20130000
0.20230000
0.20190000
0.20140000
0.20310000
0.20290000
0.20260000
0.20280000
0.20210000
0.20260000
0.20200000
0.20330000
0.20320000
0.20260000
0.20380000
0.20540000
0.20380000
0.20360000
0.20530000
0.20600000
0.20960000
0.20620000
0.20710000
0.20810000
0.21650000
0.21630000
0.21560000
0.21770000
0.21550000
0.21540000
0.21590000
0.21470000
0.21990000
0.22320000
0.22230000
0.21610000
0.21560000
0.21550000
0.21840000
0.21850000
0.21430000
0.21150000
0.21200000
0.21350000
0.21770000
0.21640000
0.21890000
0.22430000
0.21920000
0.21700000
0.22020000
0.22020000
0.21800000
0.21560000
0.21410000
0.21460000
0.21370000
0.20970000
0.20500000
0.20220000
0.20150000
0.20490000
0.20130000
0.20060000
0.19980000
0.19540000
0.19500000
0.19460000
0.19080000
0.19570000
0.19310000
0.19400000
0.19230000
0.19500000
0.19480000
0.19470000
0.19460000
0.19780000
0.19570000
0.19350000
0.19430000
0.19310000
0.19210000
0.19030000
0.19100000
0.18830000
0.18970000
0.19000000
0.18950000
0.18970000
0.18990000
0.18820000
0.18820000
0.19110000
0.19150000
0.19070000
0.18910000
0.18760000
0.18850000
0.18710000
0.18700000
0.18650000
0.18180000
0.18340000
0.18670000
0.18630000
0.18670000
0.18470000
0.18460000
0.18670000
0.18670000
0.18450000
0.17810000
0.18020000
0.18190000
0.17550000
0.17700000
0.17510000
0.17590000
0.17420000
0.16710000
0.17610000
0.17370000
0.17530000
0.17610000
0.17670000
0.17760000
0.17550000
0.17500000
0.17510000
0.17780000
0.17770000
0.17560000
0.17530000
0.17430000
0.17210000
0.17180000
0.17360000
0.17120000
0.17050000
0.17110000
0.17090000
0.17180000
0.17120000
0.16920000
0.16940000
0.17020000
0.16810000
0.16460000
0.16220000
0.16550000
0.16760000
0.17340000
0.17420000
0.17360000
0.17300000
0.17240000
0.17170000
0.17160000
0.17230000
0.17090000
0.17350000
0.17580000
0.17550000
0.17370000
0.17330000
0.17820000
0.18220000
0.18590000
0.18360000
0.18160000
0.18210000
0.18230000
0.17940000
0.18080000
0.18180000
0.18170000
0.17990000
0.17850000
0.17710000
0.17930000
0.18020000
0.18390000
0.18960000
0.18750000
0.18540000
0.19010000
0.18950000
0.19370000
0.19370000
0.18990000
0.18940000
0.19220000
0.19130000
0.19260000
0.19220000
0.19090000
0.19170000
0.19320000
0.19560000
0.19600000
0.19610000
0.19530000
0.19520000
0.19340000
0.19400000
0.19340000
0.20510000
0.20010000
0.19830000
0.19880000
0.19920000
0.19710000
0.19680000
0.19490000
0.19410000
0.19730000
0.19560000
0.19530000
0.19490000
0.19510000
0.19630000
0.19750000
0.19940000
0.19860000
0.19660000
0.19640000
0.19890000
0.20150000
0.20420000
0.20160000
0.20070000
0.20020000
0.20220000
0.20020000
0.19780000
0.19950000
0.19960000
0.19870000
0.19640000
0.19730000
0.19720000
0.19710000
0.19840000
0.19730000
0.19600000
0.19460000
0.19510000
0.19380000
0.19540000
0.19450000
0.19600000
0.19930000
0.19880000
0.20000000
0.20080000
0.20030000
0.19940000
0.20000000
0.19930000
0.19850000
0.19750000
0.19520000
0.19570000
0.19710000
0.19740000
0.19880000
0.20170000
0.20000000
0.20030000
0.20090000
0.19930000
0.19740000
0.19300000
0.19630000
0.20230000
0.20680000
0.20290000
0.20580000
0.20280000
0.20180000
0.20220000
0.20420000
0.19970000
0.20070000
0.19690000
0.19490000
0.19440000
0.19490000
0.18960000
0.19800000
0.19280000
0.19730000
0.19380000
0.19780000
0.19750000
0.19690000
0.20100000
0.20430000
0.20800000
0.20900000
0.21190000
0.20780000
0.21360000
0.21140000
0.21130000
0.20930000
0.21020000
0.21210000
0.21060000
0.21020000
0.21300000
0.21410000
0.21110000
0.21120000
0.21080000
0.20930000
0.21130000
0.21180000
0.21080000
0.20930000
0.21310000
0.21170000
0.21150000
0.21280000
0.21570000
0.21660000
0.21920000
0.21640000
0.21510000
0.21530000
0.21250000
0.21760000
0.21500000
0.21960000
0.21730000
0.21740000
0.21990000
0.22440000
0.22330000
0.22310000
0.22520000
0.22190000
0.22010000
0.22090000
0.21570000
0.21420000
0.21380000
0.21400000
0.21460000
0.21290000
0.21260000
0.21270000
0.21340000
0.21400000
0.21330000
0.21430000
0.21300000
0.21230000
0.21200000
0.21020000
0.21070000
0.21290000
0.21150000
0.21090000
0.21130000
0.21050000
0.20830000
0.20910000
0.21120000
0.20840000
0.20650000
0.20820000
0.20880000
0.20670000
0.20610000
0.20640000
0.20480000
0.20400000
0.20340000
0.20540000
0.20630000
0.20520000
0.20710000
0.20640000
0.20510000
0.20520000
0.20500000
0.20510000
0.20480000
0.20380000
0.20450000
0.20190000
0.20190000
0.20190000
0.20200000
0.20110000
0.20250000
0.20150000
0.20240000
0.20090000
0.20010000
0.20090000
0.20190000
0.20000000
0.19880000
0.19860000
0.19970000
0.19860000
0.19720000
0.19750000
0.19560000
0.19740000
0.19500000
0.19290000
0.19030000
0.19220000
0.19140000
0.18990000
0.19020000
0.19100000
0.18980000
0.18940000
0.18550000
0.18410000
0.18430000
0.18560000
0.18420000
0.18180000
0.18250000
0.18200000
0.18290000
0.18210000
0.18360000
0.18370000
0.18480000
0.18650000
0.18530000
0.18400000
0.18310000
0.18130000
0.18360000
0.18230000
0.18400000
0.18290000
0.18590000
0.18350000
0.18500000
0.18300000
0.18240000
0.18100000
0.18170000
0.18310000
0.18600000
0.18300000
0.18290000
0.18390000
0.18300000
0.18330000
0.18370000
0.18390000
0.18370000
0.19060000
0.18910000
0.19040000
0.18920000
0.19160000
0.19000000
0.19350000
0.19300000
0.19180000
0.19360000
0.19430000
0.19530000
0.19730000
0.19610000
0.19870000
0.19810000
0.19450000
0.19730000
0.20210000
0.20020000
0.20280000
0.20250000
0.20100000
0.20130000
0.20100000
0.20090000
0.20090000
0.20220000
0.20780000
0.20950000
0.21180000
0.21180000
0.21350000
0.21190000
0.21150000
0.20910000
0.21080000
0.20850000
0.20740000
0.20880000
0.20780000
0.20770000
0.21370000
0.20980000
0.20700000
0.20590000
0.20580000
0.20570000
0.20570000
0.20860000
0.20700000
0.20570000
0.20610000
0.20570000
0.20570000
0.20800000
0.20700000
0.20630000
0.20690000
0.20790000
0.20950000
0.20930000
0.20620000
0.20610000
0.20600000
0.20680000
0.20840000
0.20690000
0.20660000
0.20590000
0.20650000
0.20680000
0.20800000
0.20870000
0.20930000
0.21260000
0.21270000
0.21160000
0.20900000
0.20740000
0.20330000
0.20460000
0.20030000
0.19830000
0.19880000
0.19790000
0.19490000
0.19350000
0.19370000
0.19350000
0.19220000
0.19080000
0.19070000
0.19200000
0.19180000
0.19170000
0.19070000
0.19030000
0.18950000
0.19110000
0.19100000
0.19100000
0.19080000
0.19010000
0.18940000
0.19020000
0.18950000
0.18900000
0.18870000
0.18980000
0.18800000
0.18840000
0.18870000
0.18750000
0.18720000
0.18720000
0.18740000
0.18740000
0.18820000
0.18800000
0.18820000
0.18800000
0.18700000
0.18780000
0.18630000
0.18680000
0.18640000
0.18820000
0.18720000
0.18960000
0.19040000
0.18900000
0.18990000
0.19050000
0.18880000
0.19040000
0.19060000
0.19070000
0.19170000
0.19080000
0.19440000
0.19550000
0.20150000
0.20010000
0.20020000
0.20340000
0.19970000
0.20140000
0.20240000
0.19830000
0.19870000
0.19770000
0.19780000
0.19650000
0.19900000
0.20100000
0.19960000
0.19990000
0.19950000
0.19790000
0.19760000
0.19690000
0.19740000
0.19790000
0.19860000
0.19720000
0.19750000
0.19630000
0.19540000
0.19670000
0.19530000
0.19530000
0.19730000
0.19840000
0.19780000
0.19630000
0.20000000
0.19940000
0.19990000
0.19970000
0.20250000
0.20160000
0.20370000
0.20500000
0.20660000
0.20490000
0.20340000
0.20520000
0.20520000
0.20480000
0.20200000
0.19990000
0.20020000
0.19900000
0.19800000
0.19750000
0.19430000
0.19420000
0.19520000
0.20070000
0.20430000
0.20210000
0.20430000
0.20700000
0.21540000
0.21500000
0.21650000
0.21900000
0.22130000
0.21770000
0.21970000
0.22170000
0.21950000
0.21970000
0.22150000
0.22550000
0.22720000
0.22530000
0.22970000
0.22900000
0.23280000
0.23060000
0.22900000
0.22890000
0.22930000
0.22870000
0.22760000
0.22830000
0.22750000
0.23000000
0.23080000
0.23040000
0.22860000
0.22760000
0.22580000
0.22720000
0.22440000
0.22200000
0.22170000
0.22080000
0.22060000
0.22010000
0.21780000
0.21790000
0.21860000
0.21810000
0.21510000
0.21340000
0.21180000
0.21620000
0.21660000
0.21780000
0.22000000
0.22050000
0.22460000
0.22480000
0.22540000
0.22400000
0.22580000
0.22280000
0.22040000
0.21800000
0.21930000
0.22260000
0.22320000
0.22270000
0.22490000
0.22270000
0.22230000
0.21890000
0.21780000
0.22140000
0.22090000
0.22020000
0.22280000
0.22320000
0.22490000
0.22210000
0.22010000
0.22030000
0.22240000
0.22210000
0.22510000
0.22290000
0.22480000
0.22340000
0.22510000
0.22650000
0.23170000
0.22710000
0.22380000
0.21740000
0.21550000
0.20910000
0.20930000
0.20870000
0.20710000
0.20410000
0.20200000
0.20210000
0.20120000
0.19970000
0.19930000
0.20240000
0.20200000
0.20000000
0.19750000
0.19390000
0.18940000
0.18960000
0.18750000
0.18780000
0.18760000
0.18510000
0.18580000
0.18390000
0.18180000
0.18310000
0.18250000
0.18160000
0.18060000
0.17610000
0.17890000
0.17900000
0.18060000
0.18200000
0.18080000
0.18110000
0.18030000
0.17870000
0.17870000
0.17900000
0.17800000
0.17610000
0.17620000
0.17600000
0.16880000
0.16880000
0.16720000
0.16480000
0.16410000
0.16550000
0.16380000
0.16650000
0.16550000
0.16870000
0.16810000
0.16840000
0.16900000
0.16910000
0.17100000
0.17270000
0.17010000
0.17010000
0.17030000
0.17180000
0.17080000
0.17190000
0.16990000
0.16940000
0.16880000
0.16890000
0.16970000
0.16910000
0.16780000
0.16800000
0.16690000
0.16520000
0.16740000
0.16560000
0.16680000
0.16580000
0.16720000
0.16620000
0.16690000
0.16610000
0.16610000
0.16620000
0.16530000
0.16470000
0.16660000
0.16630000
0.16250000
0.16200000
0.16350000
0.16240000
0.16310000
0.16250000
0.17100000
0.16550000
0.16560000
0.16570000
0.16730000
0.16740000
0.16580000
0.15860000
0.15750000
0.16280000
0.16540000
0.16720000
0.16720000
0.16680000
0.16660000
0.16620000
0.16630000
0.16940000
0.16980000
0.16880000
0.17020000
0.16920000
0.16830000
0.16930000
0.16920000
0.16590000
0.16710000
0.17260000
0.16910000
0.16830000
0.16760000
0.16810000
0.16820000
0.16640000
0.16660000
0.16630000
0.16740000
0.16680000
0.16760000
0.16710000
0.16630000
0.16610000
0.16570000
0.16600000
0.16630000
0.16680000
0.16420000
0.16420000
0.16390000
0.16410000
0.16410000
0.16320000
0.16180000
0.16210000
0.16250000
0.16180000
0.16240000
0.16310000
0.16280000
0.16210000
0.16160000
0.16160000
0.15980000
0.15990000
0.16080000
0.16210000
0.16190000
0.16160000
0.16340000
0.16220000
0.16350000
0.16230000
0.16250000
0.16160000
0.16430000
0.16490000
0.16530000
0.16490000
0.16440000
0.16830000
0.17080000
0.16710000
0.16600000
0.16290000
0.16340000
0.16080000
0.16250000
0.16270000
0.16000000
0.16130000
0.16010000
0.16110000
0.15650000
0.15790000
0.15660000
0.15660000
0.15610000
0.15670000
0.15770000
0.15550000
0.15660000
0.15620000
0.15390000
0.15180000
0.15300000
0.15470000
0.15430000
0.15610000
0.15530000
0.15580000
0.15600000
0.15720000
0.15530000
0.15740000
0.15910000
0.15900000
0.15900000
0.15860000
0.15820000
0.15860000
0.15890000
0.15870000
0.15820000
0.15940000
0.15800000
0.15790000
0.15730000
0.15670000
0.15720000
0.15740000
0.15670000
0.15690000
0.15730000
0.15590000
0.15610000
0.15540000
0.15390000
0.15330000
0.15340000
0.15240000
0.15380000
0.15410000
0.15510000
0.15410000
0.15290000
0.15510000
0.15390000
0.15400000
0.15450000
0.15410000
0.15500000
0.15350000
0.15600000
0.15630000
0.15480000
0.15700000
0.15700000
0.15630000
0.15430000
0.15300000
0.15250000
0.15320000
0.15090000
0.15180000
0.15040000
0.14940000
0.15010000
0.14940000
0.14940000
0.15160000
0.15090000
0.15030000
0.15140000
0.14970000
0.14970000
0.15200000
0.15060000
0.15110000
0.15170000
0.15260000
0.15500000
0.15320000
0.15080000
0.15220000
0.15070000
0.15020000
0.14930000
0.14870000
0.14960000
0.14870000
0.15050000
0.15140000
0.14880000
0.15020000
0.15180000
0.15290000
0.15260000
0.15190000
0.15020000
0.14940000
0.14960000
0.14750000
0.14570000
0.14490000
0.14260000
0.14230000
0.14120000
0.14050000
0.14040000
0.14110000
0.14180000
0.14210000
0.14240000
0.14190000
0.14340000
0.14170000
0.14100000
0.14170000
0.14250000
0.14140000
0.13980000
0.14120000
0.14270000
0.14130000
0.14270000
0.14210000
0.14130000
0.14020000
0.13930000
0.13860000
0.14040000
0.13250000
0.13250000
0.13080000
0.13230000
0.13370000
0.13460000
0.13410000
0.13440000
0.13570000
0.13530000
0.13510000
0.13520000
0.13530000
0.13450000
0.13390000
0.13420000
0.13650000
0.13530000
0.13410000
0.13420000
0.13470000
0.13420000
0.13390000
0.13290000
0.13330000
0.13260000
0.13240000
0.13250000
0.13190000
0.13150000
0.13150000
0.13120000
0.13060000
0.13140000
0.13350000
0.13310000
0.13520000
0.13480000
0.13460000
0.13330000
0.13370000
0.13330000
0.13360000
0.13450000
0.13350000
0.13390000
0.13470000
0.13370000
0.13300000
0.13180000
0.13290000
0.13310000
0.13280000
0.13650000
0.13350000
0.13390000
0.13300000
0.13490000
0.13590000
0.13720000
0.13620000
0.13540000
0.13780000
0.13640000
0.13420000
0.13730000
0.13670000
0.13520000
0.13620000
0.13640000
0.13550000
0.13720000
0.13830000
0.14050000
0.14150000
0.14060000
0.13950000
0.13880000
0.13880000
0.13850000
0.13810000
0.13650000
0.13620000
0.13180000
0.13670000
0.13430000
0.13490000
0.13360000
0.13480000
0.13650000
0.13470000
0.13130000
0.13170000
0.13110000
0.13150000
0.13210000
0.13260000
0.13530000
0.13410000
0.13360000
0.13330000
0.13350000
0.13320000
0.13470000
0.13390000
0.13460000
0.13430000
0.13360000
0.13480000
0.13600000
0.13510000
0.13480000
0.13510000
0.13430000
0.13380000
0.13300000
0.13360000
0.13270000
0.13330000
0.13350000
0.13270000
0.13250000
0.13240000
0.13350000
0.13250000
0.13240000
0.13250000
0.13160000
0.13060000
0.13090000
0.13100000
0.13180000
0.13300000
0.13260000
0.13120000
0.13080000
0.13190000
0.13150000
0.13090000
0.12900000
0.12800000
0.12770000
0.12800000
0.12620000
0.12930000
0.12930000
0.12850000
0.12790000
0.12850000
0.12750000
0.12730000
0.12630000
0.12590000
0.12590000
0.12500000
0.12380000
0.12450000
0.12470000
0.12430000
0.12360000
0.12130000
0.12270000
0.12370000
0.12410000
0.12580000
0.12680000
0.12760000
0.12690000
0.12620000
0.12620000
0.12580000
0.12540000
0.12640000
0.12590000
0.12580000
0.12560000
0.12390000
0.12400000
0.12330000
0.12310000
0.12370000
0.12210000
0.12060000
0.11830000
0.11730000
0.11780000
0.11860000
0.12010000
0.11980000
0.11850000
0.11850000
0.12060000
0.12180000
0.12250000
0.12340000
0.12310000
0.12250000
0.12120000
0.12080000
0.12160000
0.12280000
0.12160000
0.12180000
0.12130000
0.12190000
0.12270000
0.12280000
0.12290000
0.12340000
0.12400000
0.12270000
0.12240000
0.12300000
0.12250000
0.12270000
0.12110000
0.12190000
0.12220000
0.12270000
0.12260000
0.12230000
0.12230000
0.12210000
0.12140000
0.12150000
0.12140000
0.12170000
0.12160000
0.12120000
0.12160000
0.12130000
0.12180000
0.12200000
0.12130000
0.12130000
0.12060000
0.12040000
0.11990000
0.12000000
0.11910000
0.11940000
0.11870000
0.11750000
0.11790000
0.11780000
0.11650000
0.11570000
0.11550000
0.11410000
0.11300000
0.11400000
0.11370000
0.11350000
0.11200000
0.11240000
0.11390000
0.11130000
0.11000000
0.11030000
0.10950000
0.10950000
0.11060000
0.10920000
0.10860000
0.11080000
0.10900000
0.10970000
0.11050000
0.10960000
0.11130000
0.11160000
0.11310000
0.11260000
0.11250000
0.11270000
0.11150000
0.11140000
0.11120000
0.11070000
0.11000000
0.10870000
0.10980000
0.11010000
0.10990000
0.11040000
0.10980000
0.10960000
0.11090000
0.10920000
0.11120000
0.11210000
0.11150000
0.11070000
0.11030000
0.10930000
0.10940000
0.10880000
0.10840000
0.10900000
0.10850000
0.10760000
0.10910000
0.10900000
0.10990000
0.11020000
0.11030000
0.11100000
0.11090000
0.11040000
0.10990000
0.11050000
0.11140000
0.11090000
0.11180000
0.11270000
0.11310000
0.11310000
0.11360000
0.11300000
0.11280000
0.11180000
0.11150000
0.11100000
0.11150000
0.11630000
0.11410000
0.11300000
0.11260000
0.11280000
0.11200000
0.11240000
0.11200000
0.11310000
0.11240000
0.11420000
0.11430000
0.11300000
0.11230000
0.11230000
0.11180000
0.11130000
0.11060000
0.10930000
0.10680000
0.10510000
0.10500000
0.10450000
0.10600000
0.10640000
0.10750000
0.10790000
0.10800000
0.10740000
0.10630000
0.10560000
0.10320000
0.10360000
0.10260000
0.10150000
0.10400000
0.10470000
0.10470000
0.10150000
0.10430000
0.10450000
0.10650000
0.10760000
0.10730000
0.10740000
0.10700000
0.10760000
0.10750000
0.10670000
0.10620000
0.10580000
0.10610000
0.10650000
0.10540000
0.10550000
0.10570000
0.10500000
0.10570000
0.10440000
0.10480000
0.10160000
0.09830000
0.09700000
0.09610000
0.09580000
0.09960000
0.10090000
0.10100000
0.10170000
0.10180000
0.10120000
0.10110000
0.10180000
0.10120000
0.10130000
0.10130000
0.10450000
0.10430000
0.10450000
0.10730000
0.10630000
0.10650000
0.10650000
0.10730000
0.10790000
0.10810000
0.10720000
0.10760000
0.10690000
0.10620000
0.10630000
0.10650000
0.10630000
0.10550000
0.10550000
0.10530000
0.10600000
0.10480000
0.10520000
0.10490000
0.10490000
0.10370000
0.10400000
0.10360000
0.10390000
0.10530000
0.10450000
0.10460000
0.10440000
0.10470000
0.10360000
0.10240000
0.10590000
0.10620000
0.10540000
0.10450000
0.10280000
0.10130000
0.10120000
0.10440000
0.10420000
0.10560000
0.10650000
0.10620000
0.10890000
0.10770000
0.10710000
0.10630000
0.10460000
0.10430000
0.10370000
0.10830000
0.10890000
0.10910000
0.10900000
0.10950000
0.11020000
0.11010000
0.10960000
0.10860000
0.10820000
0.10800000
0.10740000
0.10750000
0.10690000
0.10600000
0.10630000
0.10650000
0.10630000
0.10620000
0.10700000
0.10630000
0.10570000
0.10540000
0.10540000
0.10530000
0.10510000
0.10430000
0.10490000
0.10510000
0.10570000
0.10630000
0.10610000
0.10550000
0.10460000
0.10310000
0.10310000
0.10240000
0.10170000
0.10120000
0.10040000
0.10040000
0.09980000
0.10020000
0.10020000
0.10030000
0.09990000
0.09980000
0.09920000
0.09870000
0.09890000
0.09940000
0.09950000
0.10030000
0.10120000
0.10100000
0.10130000
0.10370000
0.10380000
0.10330000
0.10420000
0.10420000
0.10230000
0.10290000
0.10320000
0.10230000
0.10220000
0.10150000
0.10160000
0.10340000
0.10350000
0.10340000
0.10470000
0.10360000
0.10640000
0.10520000
0.10700000
0.10600000
0.10540000
0.10560000
0.10460000
0.10300000
0.10280000
0.10130000
0.10070000
0.09960000
0.10020000
0.10010000
0.10100000
0.10320000
0.10370000
0.10340000
0.10390000
0.10480000
0.10420000
0.10400000
0.10360000
0.10480000
0.10480000
0.10460000
0.10500000
0.10570000
0.10600000
0.10540000
0.10500000
0.10460000
0.10500000
0.10540000
0.10520000
0.10640000
0.10580000
0.10610000
0.10630000
0.10680000
0.10700000
0.10760000
0.10760000
0.10780000
0.10750000
0.10850000
0.10770000
0.10730000
0.10760000
0.10750000
0.10740000
0.10830000
0.10730000
0.10750000
0.10750000
0.10790000
0.10820000
0.10770000
0.10790000
0.10850000
0.10840000
0.10790000
0.10830000
0.10770000
0.10700000
0.10660000
0.10590000
0.10640000
0.10780000
0.10660000
0.10710000
0.10730000
0.10690000
0.10650000
0.10670000
0.10620000
0.10780000
0.10770000
0.10830000
0.10880000
0.10640000
0.10730000
0.10850000
0.10840000
0.10950000
0.11160000
0.11190000
0.11250000
0.11300000
0.11410000
0.11330000
0.11260000
0.11290000
0.11450000
0.11450000
0.11410000
0.11400000
0.11240000
0.11130000
0.11150000
0.11150000
0.11040000
0.10880000
0.10940000
0.11120000
0.11170000
0.11180000
0.11040000
0.11160000
0.11110000
0.11060000
0.10850000
0.10800000
0.10880000
0.10800000
0.10740000
0.10660000
0.10620000
0.10600000
0.10710000
0.10770000
0.10740000
0.10840000
0.10880000
0.10850000
0.10730000
0.10780000
0.10680000
0.10640000
0.10570000
0.10580000
0.10500000
0.10590000
0.10590000
0.10690000
0.10760000
0.10910000
0.10900000
0.11090000
0.11180000
0.11090000
0.11090000
0.11080000
0.11180000
0.11300000
0.11440000
0.11360000
0.11430000
0.11550000
0.11620000
0.11540000
0.11420000
0.11430000
0.11410000
0.11360000
0.11220000
0.11260000
0.11310000
0.11410000
0.11430000
0.11310000
0.11220000
0.11220000
0.11180000
0.11250000
0.11320000
0.11390000
0.11350000
0.11510000
0.11560000
0.11700000
0.11680000
0.11910000
0.12080000
0.12050000
0.12110000
0.12040000
0.11900000
0.11940000
0.11960000
0.11880000
0.11870000
0.11810000
0.11880000
0.11820000
0.11950000
0.11850000
0.11870000
0.12040000
0.11880000
0.11810000
0.11790000
0.11790000
0.11730000
0.11650000
0.11670000
0.11660000
0.11670000
0.11720000
0.11820000
0.11720000
0.11890000
0.11880000
0.12020000
0.12280000
0.12230000
0.12090000
0.11900000
0.11810000
0.11900000
0.11940000
0.11810000
0.11790000
0.11710000
0.11750000
0.11790000
0.11730000
0.11740000
0.11780000
0.11830000
0.11740000
0.11640000
0.11640000
0.11650000
0.11640000
0.11590000
0.11640000
0.11610000
0.11570000
0.11580000
0.11640000
0.11580000
0.11610000
0.11610000
0.11650000
0.11530000
0.11520000
0.11430000
0.11390000
0.11420000
0.11380000
0.11350000
0.11380000
0.11300000
0.11320000
0.11210000
0.11240000
0.11270000
0.11200000
0.11180000
0.11310000
0.11250000
0.11330000
0.11370000
0.11390000
0.11340000
0.11400000
0.11370000
0.11340000
0.11270000
0.11360000
0.11330000
0.11380000
0.11340000
0.11300000
0.11350000
0.11510000
0.11430000
0.11320000
0.11430000
0.11340000
0.11250000
0.11240000
0.11250000
0.11300000
0.11340000
0.11370000
0.11510000
0.11570000
0.11650000
0.11600000
0.11660000
0.11740000
0.11680000
0.11750000
0.11920000
0.11910000
0.11800000
0.11850000
0.11770000
0.11670000
0.11690000
0.11720000
0.11710000
0.11800000
0.11840000
0.11790000
0.11780000
0.11690000
0.11780000
0.11770000
0.11890000
0.11990000
0.11840000
0.11750000
0.11840000
0.11800000
0.11850000
0.12040000
0.12080000
0.12000000
0.11880000
0.11840000
0.11720000
0.11810000
0.11800000
0.11830000
0.11820000
0.11880000
0.11990000
0.12090000
0.12120000
0.12190000
0.12280000
0.12180000
0.12220000
0.12200000
0.12070000
0.12060000
0.11990000
0.11950000
0.11870000
0.11820000
0.11780000
0.11820000
0.11830000
0.11830000
0.11760000
0.11760000
0.11710000
0.11750000
0.11730000
0.11690000
0.11640000
0.11670000
0.11700000
0.11560000
0.11560000
0.11630000
0.11730000
0.11750000
0.11700000
0.11740000
0.11700000
0.11710000
0.11630000
0.11770000
0.11720000
0.11830000
0.11940000
0.12010000
0.12210000
0.12230000
0.12160000
0.12140000
0.12230000
0.12310000
0.12050000
0.12110000
0.12510000
0.13040000
0.12850000
0.12790000
0.12740000
0.12940000
0.13260000
0.13140000
0.13250000
0.13220000
0.12770000
0.12650000
0.12470000
0.12390000
0.12300000
0.12370000
0.12250000
0.12130000
0.12140000
0.11860000
0.11690000
0.11450000
0.11510000
0.11500000
0.11370000
0.11700000
0.11560000
0.11490000
0.11500000
0.11660000
0.12110000
0.12100000
0.12260000
0.12110000
0.12350000
0.12070000
0.12080000
0.12090000
0.12050000
0.12060000
0.11950000
0.11890000
0.11790000
0.11750000
0.11680000
0.11600000
0.11620000
0.11480000
0.11520000
0.11690000
0.11630000
0.11640000
0.11470000
0.11520000
0.11500000
0.11510000
0.11430000
0.11380000
0.11330000
0.11340000
0.11440000
0.11410000
0.11510000
0.11680000
0.11520000
0.11570000
0.11440000
0.11490000
0.11590000
0.11610000
0.11520000
0.11590000
0.11480000
0.11420000
0.11420000
0.11430000
0.11470000
0.11530000
0.11480000
0.11550000
0.11580000
0.11670000
0.11670000
0.11820000
0.11730000
0.11790000
0.11800000
0.11590000
0.11530000
0.11420000
0.11410000
0.11480000
0.11660000
0.11620000
0.11570000
0.11590000
0.11500000
0.11600000
0.11540000
0.11590000
0.11590000
0.11560000
0.11650000
0.11750000
0.11890000
0.11830000
0.11820000
0.11890000
0.11880000
0.11940000
0.11860000
0.11740000
0.11900000
0.11800000
0.11800000
0.11910000
0.12000000
0.11870000
0.11770000
0.11690000
0.11820000
0.11640000
0.11590000
0.11600000
0.11440000
0.11660000
0.11750000
0.11710000
0.11630000
0.11640000
0.11830000
0.11840000
0.11990000
0.11990000
0.11990000
0.12040000
0.12160000
0.12080000
0.12090000
0.12130000
0.12080000
0.12050000
0.11870000
0.11850000
0.11800000
0.11720000
0.11610000
0.11520000
0.11690000
0.11680000
0.11680000
0.11740000
0.11710000
0.11790000
0.11770000
0.11680000
0.11670000
0.11640000
0.11610000
0.11530000
0.11490000
0.11500000
0.11350000
0.11130000
0.10970000
0.10870000
0.10880000
0.10850000
0.10830000
0.10790000
0.10730000
0.10600000
0.10580000
0.10460000
0.10520000
0.10530000
0.10440000
0.10360000
0.10290000
0.10240000
0.10260000
0.10260000
0.10160000
0.10010000
0.09990000
0.09960000
0.10020000
0.10060000
0.09980000
0.09890000
0.09860000
0.09950000
0.09960000
0.09990000
0.09990000
0.09940000
0.10010000
0.10020000
0.09980000
0.09940000
0.10020000
0.09920000
0.09940000
0.09940000
0.09840000
0.09880000
0.09790000
0.09760000
0.09900000
0.09800000
0.09740000
0.09830000
0.09760000
0.09850000
0.09820000
0.09860000
0.09990000
0.09950000
0.09800000
0.09690000
0.09590000
0.09610000
0.09680000
0.09620000
0.09550000
0.09560000
0.09480000
0.09490000
0.09430000
0.09400000
0.09460000
0.09450000
0.09510000
0.09710000
0.09690000
0.09620000
0.09670000
0.09740000
0.09730000
0.09680000
0.09680000
0.09710000
0.09810000
0.09700000
0.09700000
0.09760000
0.09780000
0.09740000
0.09750000
0.09790000
0.09850000
0.09820000
0.09770000
0.09770000
0.09830000
0.10000000
0.10000000
0.09960000
0.09910000
0.09890000
0.09800000
0.09710000
0.09630000
0.09600000
0.09600000
0.09720000
0.09650000
0.09620000
0.09730000
0.09780000
0.09800000
0.09740000
0.09760000
0.09700000
0.09630000
0.09630000
0.09640000
0.09650000
0.09640000
0.09600000
0.09620000
0.09620000
0.09540000
0.09560000
0.09470000
0.09530000
0.09550000
0.09570000
0.09520000
0.09510000
0.09520000
0.09550000
0.09490000
0.09480000
0.09440000
0.09510000
0.09570000
0.09560000
0.09630000
0.10000000
0.09990000
0.09880000
0.09830000
0.09880000
0.09920000
0.09950000
0.09850000
0.09770000
0.09760000
0.09820000
0.09890000
0.09960000
0.09870000
0.09930000
0.09900000
0.09900000
0.09930000
0.09910000
0.09790000
0.09830000
0.09810000
0.09780000
0.09760000
0.09800000
0.09630000
0.09790000
0.09760000
0.09760000
0.09880000
0.10040000
0.10190000
0.09960000
0.10090000
0.10070000
0.10170000
0.10260000
0.10210000
0.10220000
0.10210000
0.10240000
0.10220000
0.10300000
0.10380000
0.10280000
0.10430000
0.10470000
0.10400000
0.10450000
0.10470000
0.10570000
0.10600000
0.10530000
0.10440000
0.10370000
0.10070000
0.10110000
0.10050000
0.10090000
0.10140000
0.10120000
0.10100000
0.10200000
0.10060000
0.10090000
0.10060000
0.10090000
0.10170000
0.10080000
0.10090000
0.10100000
0.10130000
0.10120000
0.10130000
0.10280000
0.10410000
0.10400000
0.10390000
0.10450000
0.10380000
0.10260000
0.10230000
0.10300000
0.10310000
0.10360000
0.10320000
0.10350000
0.10370000
0.10340000
0.10330000
0.10340000
0.10210000
0.10090000
0.10100000
0.10160000
0.10280000
0.10290000
0.10310000
0.10350000
0.10410000
0.10350000
0.10340000
0.10290000
0.10310000
0.10170000
0.10280000
0.10270000
0.10380000
0.10480000
0.10520000
0.10580000
0.10440000
0.10370000
0.10290000
0.10330000
0.10310000
0.10260000
0.10130000
0.10190000
0.10290000
0.10290000
0.10400000
0.10320000
0.10340000
0.10360000
0.10290000
0.10310000
0.10310000
0.10300000
0.10340000
0.10310000
0.10290000
0.10290000
0.10320000
0.10340000
0.10280000
0.10290000
0.10340000
0.10340000
0.10400000
0.10360000
0.10410000
0.10400000
0.10350000
0.10390000
0.10480000
0.10480000
0.10660000
0.10520000
0.10520000
0.10590000
0.10580000
0.10500000
0.10530000
0.10620000
0.10500000
0.10440000
0.10440000
0.10400000
0.10410000
0.10430000
0.10400000
0.10450000
0.10500000
0.10500000
0.10500000
0.10400000
0.10400000
0.10350000
0.10360000
0.10390000
0.10290000
0.10300000
0.10240000
0.10210000
0.10160000
0.10150000
0.10190000
0.10190000
0.10260000
0.10260000
0.10270000
0.10230000
0.10200000
0.10190000
0.10160000
0.10150000
0.10080000
0.09960000
0.09970000
0.09980000
0.09880000
0.09900000
0.09980000
0.10070000
0.10070000
0.10060000
0.10080000
0.10010000
0.10130000
0.10060000
0.10130000
0.10220000
0.10150000
0.10250000
0.10220000
0.10300000
0.10180000
0.10120000
0.10130000
0.10110000
0.10110000
0.10060000
0.10010000
0.10140000
0.10040000
0.10010000
0.10060000
0.10040000
0.09930000
0.09990000
0.10110000
0.10050000
0.10050000
0.10030000
0.10020000
0.10030000
0.10060000
0.10120000
0.10210000
0.10290000
0.10290000
0.10370000
0.10410000
0.10300000
0.10190000
0.10250000
0.10190000
0.10250000
0.10290000
0.10340000
0.10260000
0.10290000
0.10280000
0.10270000
0.10300000
0.10360000
0.10370000
0.10350000
0.10270000
0.10180000
0.10180000
0.10150000
0.10160000
0.10100000
0.10180000
0.10260000
0.10260000
0.10340000
0.10390000
0.10350000
0.10400000
0.10370000
0.10400000
0.10420000
0.10410000
0.10420000
0.10460000
0.10450000
0.10420000
0.10400000
0.10470000
0.10400000
0.10410000
0.10410000
0.10490000
0.10490000
0.10500000
0.10520000
0.10490000
0.10640000
0.10620000
0.10560000
0.10620000
0.10630000
0.10640000
0.10610000
0.10510000
0.10550000
0.10550000
0.10490000
0.10420000
0.10360000
0.10370000
0.10350000
0.10340000
0.10300000
0.10290000
0.10300000
0.10240000
0.10250000
0.10250000
0.10230000
0.10290000
0.10380000
0.10410000
0.10450000
0.10430000
0.10440000
0.10450000
0.10440000
0.10500000
0.10480000
0.10520000
0.10500000
0.10490000
0.10470000
0.10580000
0.10570000
0.10560000
0.10550000
0.10530000
0.10500000
0.10470000
0.10490000
0.10430000
0.10430000
0.10490000
0.10370000
0.10310000
0.10300000
0.10370000
0.10350000
0.10400000
0.10350000
0.10280000
0.10270000
0.10280000
0.10300000
0.10270000
0.10300000
0.10320000
0.10310000
0.10290000
0.10300000
0.10270000
0.10330000
0.10230000
0.10320000
0.10310000
0.10340000
0.10300000
0.10370000
0.10390000
0.10460000
0.10470000
0.10380000
0.10400000
0.10370000
0.10270000
0.10220000
0.10290000
0.10260000
0.10200000
0.10180000
0.10230000
0.10240000
0.10180000
0.10190000
0.10160000
0.10200000
0.10250000
0.10250000
0.10170000
0.10140000
0.10170000
0.10150000
0.10180000
0.10250000
0.10240000
0.10270000
0.10490000
0.10520000
0.10570000
0.10610000
0.10610000
0.10650000
0.10590000
0.10550000
0.10520000
0.10440000
0.10380000
0.10350000
0.10310000
0.10420000
0.10340000
0.10260000
0.10230000
0.10170000
0.10250000
0.10230000
0.10290000
0.10300000
0.10330000
0.10340000
0.10290000
0.10290000
0.10240000
0.10160000
0.09990000
0.10040000
0.10030000
0.10060000
0.10080000
0.10230000
0.10300000
0.10220000
0.10240000
0.10210000
0.10250000
0.10340000
0.10420000
0.10330000
0.10370000
0.10370000
0.10370000
0.10400000
0.10410000
0.10480000
0.10460000
0.10440000
0.10430000
0.10470000
0.10450000
0.10530000
0.10390000
0.10540000
0.10540000
0.10470000
0.10390000
0.10260000
0.10230000
0.10180000
0.10220000
0.10290000
0.10280000
0.10410000
0.10580000
0.10760000
0.10840000
0.10790000
0.10970000
0.10990000
0.11100000
0.11140000
0.11130000
0.11180000
0.11720000
0.11610000
0.11690000
0.11730000
0.11860000
0.11840000
0.12130000
0.12280000
0.12420000
0.12390000
0.12500000
0.12440000
0.12500000
0.12370000
0.12220000
0.12180000
0.12080000
0.12340000
0.12670000
0.12970000
0.13080000
0.12920000
0.12960000
0.12910000
0.13020000
0.13550000
0.13380000
0.13560000
0.13630000
0.13410000
0.13060000
0.13190000
0.13070000
0.12930000
0.13060000
0.12810000
0.12610000
0.12530000
0.12600000
0.12450000
0.12370000
0.12380000
0.12290000
0.12170000
0.12200000
0.12090000
0.12120000
0.12230000
0.12150000
0.12150000
0.12180000
0.12110000
0.12090000
0.12080000
0.12040000
0.12030000
0.11880000
0.11940000
0.11950000
0.11990000
0.12000000
0.12030000
0.11940000
0.12000000
0.11910000
0.11910000
0.11860000
0.11770000
0.11780000
0.11700000
0.11710000
0.11680000
0.11640000
0.11810000
0.11700000
0.11840000
0.11880000
0.11830000
0.11760000
0.11610000
0.11580000
0.11660000
0.11690000
0.11710000
0.11680000
0.11630000
0.11580000
0.11590000
0.11550000
0.11600000
0.11640000
0.11570000
0.11620000
0.11690000
0.11630000
0.11630000
0.11630000
0.11650000
0.11680000
0.11640000
0.11730000
0.11710000
0.11770000
0.11940000
0.11740000
0.11770000
0.11850000
0.11910000
0.12100000
0.12090000
0.12030000
0.12190000
0.12180000
0.12360000
0.12530000
0.12340000
0.12580000
0.12590000
0.12600000
0.12610000
0.12620000
0.12560000
0.12400000
0.12240000
0.12170000
0.12040000
0.12160000
0.12330000
0.12090000
0.12130000
0.12170000
0.12220000
0.12190000
0.12200000
0.12160000
0.12220000
0.12160000
0.12070000
0.12180000
0.12120000
0.12060000
0.12000000
0.12110000
0.12010000
0.12040000
0.12020000
0.12010000
0.12000000
0.11850000
0.11800000
0.11860000
0.11830000
0.11850000
0.11920000
0.11940000
0.11900000
0.11880000
0.11890000
0.12000000
0.11950000
0.11960000
0.11980000
0.11970000
0.11990000
0.12110000
0.12180000
0.12150000
0.12180000
0.12250000
0.12250000
0.12320000
0.12200000
0.12090000
0.12120000
0.12120000
0.12260000
0.12320000
0.12300000
0.12240000
0.12240000
0.12230000
0.12290000
0.12270000
0.12230000
0.12040000
0.12090000
0.12150000
0.12190000
0.12250000
0.12220000
0.12140000
0.12100000
0.12140000
0.12120000
0.12170000
0.12220000
0.12260000
0.12300000
0.12330000
0.12390000
0.12420000
0.12540000
0.12550000
0.12500000
0.12670000
0.12770000
0.12630000
0.12610000
0.12630000
0.12620000
0.12670000
0.13000000
0.12850000
0.13000000
0.13060000
0.13210000
0.13060000
0.13170000
0.12760000
0.12610000
0.12590000
0.12680000
0.12730000
0.12590000
0.12680000
0.12410000
0.12440000
0.12360000
0.12230000
0.12220000
0.12190000
0.12200000
0.12210000
0.12170000
0.12230000
0.12340000
0.12290000
0.12240000
0.12230000
0.12160000
0.12120000
0.12100000
0.12090000
0.12080000
0.12000000
0.11970000
0.11870000
0.11920000
0.12050000
0.12040000
0.12030000
0.12090000
0.12170000
0.12180000
0.12280000
0.12380000
0.12200000
0.12270000
0.12170000
0.12110000
0.12100000
0.12070000
0.12000000
0.12030000
0.12060000
0.12200000
0.12090000
0.12150000
0.12170000
0.12310000
0.12370000
0.12360000
0.12290000
0.12250000
0.12400000
0.12560000
0.12610000
0.12490000
0.12630000
0.12580000
0.12520000
0.12680000
0.12690000
0.12620000
0.12590000
0.12580000
0.12540000
0.12510000
0.12450000
0.12590000
0.12730000
0.12890000
0.12960000
0.12360000
0.12140000
0.12280000
0.12250000
0.12190000
0.12230000
0.12430000
0.12470000
0.12430000
0.12400000
0.12560000
0.12590000
0.12700000
0.12700000
0.12750000
0.12730000
0.12740000
0.12640000
0.12530000
0.12680000
0.12680000
0.12770000
0.12930000
0.12980000
0.12810000
0.12890000
0.12830000
0.12780000
0.13050000
0.12910000
0.13070000
0.13790000
0.13880000
0.13790000
0.13680000
0.13470000
0.13610000
0.14150000
0.14190000
0.14420000
0.14110000
0.14200000
0.14150000
0.14150000
0.13870000
0.13740000
0.14000000
0.14040000
0.14140000
0.14030000
0.13960000
0.14040000
0.13830000
0.13780000
0.13450000
0.13320000
0.12980000
0.12840000
0.12890000
0.12980000
0.13000000
0.12930000
0.13070000
0.12970000
0.12960000
0.12830000
0.12800000
0.12670000
0.12790000
0.12710000
0.12740000
0.12750000
0.12910000
0.12950000
0.13080000
0.13230000
0.13360000
0.13140000
0.13190000
0.13060000
0.13000000
0.12910000
0.12800000
0.12760000
0.12710000
0.12570000
0.12450000
0.12310000
0.12250000
0.12090000
0.12090000
0.12120000
0.12210000
0.12170000
0.12140000
0.12010000
0.12030000
0.12030000
0.12140000
0.12120000
0.12170000
0.12430000
0.12230000
0.12160000
0.12200000
0.12090000
0.12080000
0.12080000
0.12090000
0.12070000
0.12080000
0.11980000
0.11900000
0.11830000
0.11920000
0.11890000
0.12000000
0.12050000
0.12040000
0.11900000
0.11840000
0.11930000
0.11800000
0.11760000
0.11610000
0.11650000
0.11610000
0.11480000
0.11490000
0.11470000
0.11420000
0.11490000
0.11540000
0.11640000
0.11520000
0.11500000
0.11380000
0.11490000
0.11380000
0.11360000
0.11540000
0.11410000
0.11380000
0.11400000
0.11460000
0.11470000
0.11480000
0.11440000
0.11440000
0.11440000
0.11420000
0.11430000
0.11290000
0.11280000
0.11340000
0.11420000
0.11390000
0.11570000
0.11470000
0.11470000
0.11670000
0.11570000
0.11590000
0.11630000
0.11650000
0.11550000
0.11560000
0.11620000
0.11530000
0.11600000
0.11630000
0.11680000
0.11600000
0.11580000
0.11490000
0.11370000
0.11380000
0.11270000
0.11430000
0.11620000
0.11660000
0.11580000
0.11430000
0.11410000
0.11370000
0.11370000
0.11100000
0.11220000
0.11200000
0.11100000
0.11110000
0.11160000
0.11020000
0.11020000
0.11040000
0.10980000
0.10930000
0.11040000
0.11020000
0.11110000
0.11050000
0.10940000
0.10840000
0.10740000
0.10920000
0.10850000
0.10840000
0.10810000
0.10810000
0.10760000
0.10620000
0.10540000
0.10600000
0.10660000
0.10780000
0.10750000
0.10760000
0.10930000
0.10880000
0.10820000
0.10840000
0.10690000
0.10690000
0.10670000
0.10600000
0.10660000
0.10640000
0.10600000
0.10590000
0.10580000
0.10490000
0.10510000
0.10390000
0.10450000
0.10470000
0.10410000
0.10460000
0.10500000
0.10450000
0.10500000
0.10400000
0.10410000
0.10390000
0.10420000
0.10520000
0.10350000
0.10460000
0.10330000
0.10300000
0.10440000
0.10400000
0.10350000
0.10360000
0.10380000
0.10380000
0.10330000
0.10360000
0.10370000
0.10400000
0.10420000
0.10420000
0.10460000
0.10400000
0.10340000
0.10540000
0.10670000
0.10570000
0.10520000
0.10440000
0.10580000
0.10580000
0.10660000
0.10570000
0.10610000
0.10650000
0.10650000
0.10590000
0.10750000
0.10820000
0.10770000
0.10750000
0.10700000
0.10820000
0.10680000
0.10660000
0.10620000
0.10570000
0.10670000
0.10630000
0.10620000
0.10670000
0.10570000
0.10620000
0.10650000
0.10660000
0.10630000
0.10730000
0.10700000
0.10720000
0.10700000
0.10700000
0.10680000
0.10570000
0.10540000
0.10560000
0.10640000
0.10570000
0.10590000
0.10680000
0.10650000
0.10680000
0.10670000
0.10640000
0.10610000
0.10560000
0.10510000
0.10400000
0.10400000
0.10480000
0.10540000
0.10510000
0.10570000
0.10460000
0.10470000
0.10450000
0.10420000
0.10420000
0.10370000
0.10260000
0.10380000
0.10430000
0.10470000
0.10570000
0.10630000
0.10760000
0.10700000
0.10900000
0.10850000
0.10910000
0.10960000
0.10940000
0.10910000
0.10830000
0.10860000
0.10840000
0.10980000
0.10950000
0.10800000
0.10710000
0.10650000
0.10750000
0.10950000
0.10850000
0.10730000
0.10640000
0.10720000
0.10690000
0.10750000
0.10690000
0.10520000
0.10600000
0.10820000
0.10860000
0.10810000
0.10830000
0.10720000
0.10690000
0.10800000
0.10780000
0.10710000
0.10800000
0.10710000
0.10650000
0.10690000
0.10690000
0.10790000
0.10870000
0.11080000
0.11170000
0.11190000
0.10960000
0.11020000
0.10970000
0.11080000
0.10970000
0.10940000
0.10950000
0.10720000
0.10750000
0.10940000
0.11010000
0.10980000
0.10810000
0.10780000
0.10740000
0.10750000
0.10890000
0.10660000
0.10680000
0.10790000
0.10840000
0.10560000
0.10510000
0.10610000
0.10700000
0.10730000
0.10610000
0.10820000
0.10870000
0.10600000
0.10600000
0.10410000
0.10640000
0.10780000
0.10690000
0.10780000
0.10840000
0.10800000
0.10800000
0.10750000
0.10690000
0.10600000
0.10680000
0.10610000
0.10560000
0.10650000
0.10560000
0.10400000
0.10470000
0.10530000
0.10650000
0.10730000
0.10640000
0.10700000
0.10590000
0.10530000
0.10510000
0.10530000
0.10540000
0.10490000
0.10400000
0.10480000
0.10450000
0.10440000
0.10360000
0.10330000
0.10320000
0.10420000
0.10530000
0.10560000
0.10510000
0.10580000
0.10520000
0.10540000
0.10720000
0.10650000
0.10650000
0.10680000
0.10740000
0.10600000
0.10680000
0.10800000
0.10820000
0.10890000
0.10940000
0.11080000
0.11040000
0.10980000
0.10970000
0.10930000
0.10930000
0.10940000
0.10980000
0.10990000
0.11090000
0.11050000
0.11030000
0.11060000
0.11130000
0.11190000
0.11210000
0.11110000
0.11100000
0.11030000
0.10990000
0.11080000
0.11250000
0.11160000
0.11300000
0.11460000
0.11380000
0.11290000
0.11360000
0.11360000
0.11290000
0.10970000
0.10930000
0.10780000
0.10770000
0.10740000
0.10760000
0.10950000
0.11060000
0.10790000
0.10920000
0.10970000
0.11040000
0.11080000
0.11100000
0.10880000
0.10820000
0.11020000
0.11210000
0.11360000
0.11430000
0.11380000
0.11320000
0.11260000
0.11170000
0.11130000
0.11120000
0.11070000
0.11000000
0.11010000
0.10930000
0.10850000
0.10800000
0.10830000
0.10790000
0.10750000
0.10640000
0.10650000
0.10640000
0.10530000
0.10410000
0.10390000
0.10590000
0.10620000
0.10680000
0.10690000
0.10560000
0.10620000
0.10530000
0.10530000
0.10500000
0.10330000
0.10520000
0.10480000
0.10420000
0.10260000
0.10260000
0.10250000
0.10250000
0.10020000
0.09870000
0.09880000
0.09780000
0.09500000
0.09600000
0.09480000
0.09460000
0.09700000
0.09780000
0.09740000
0.09750000
0.09670000
0.09670000
0.09590000
0.09550000
0.09470000
0.09330000
0.09280000
0.09100000
0.08960000
0.09000000
0.08870000
0.08660000
0.08710000
0.08510000
0.08390000
0.08450000
0.08430000
0.08520000
0.08590000
0.08710000
0.08880000
0.08710000
0.08690000
0.08720000
0.08620000
0.08580000
0.08500000
0.08490000
0.08490000
0.08410000
0.08470000
0.08460000
0.08450000
0.08430000
0.08450000
0.08310000
0.08190000
0.08110000
0.08190000
0.08160000
0.08090000
0.08190000
0.08100000
0.08100000
0.08250000
0.08310000
0.08580000
0.08440000
0.08740000
0.08650000
0.08650000
0.08640000
0.08610000
0.08430000
0.08350000
0.08370000
0.08340000
0.08340000
0.08460000
0.08570000
0.08610000
0.08590000
0.08520000
0.08550000
0.08680000
0.08470000
0.08330000
0.08480000
0.08250000
0.08210000
0.08230000
0.08200000
0.07990000
0.07880000
0.07760000
0.07790000
0.07790000
0.07780000
0.07930000
0.07990000
0.08120000
0.08180000
0.08300000
0.08400000
0.08320000
0.08350000
0.08290000
0.08250000
0.08350000
0.08460000
0.08450000
0.08510000
0.08460000
0.08460000
0.08440000
0.08370000
0.08320000
0.08280000
0.08320000
0.08280000
0.08200000
0.08200000
0.08150000
0.08120000
0.08140000
0.08130000
0.08100000
0.08060000
0.07970000
0.08060000
0.07980000
0.08020000
0.08060000
0.08010000
0.08020000
0.08000000
0.07930000
0.07940000
0.07970000
0.07880000
0.07870000
0.07770000
0.07740000
0.07690000
0.07740000
0.07800000
0.07820000
0.07840000
0.07830000
0.07820000
0.07720000
0.07640000
0.07650000
0.07680000
0.07710000
0.07740000
0.07670000
0.07650000
0.07520000
0.07550000
0.07660000
0.07620000
0.07700000
0.07670000
0.07640000
0.07680000
0.07590000
0.07590000
0.07560000
0.07560000
0.07590000
0.07560000
0.07550000
0.07630000
0.07820000
0.07820000
0.07800000
0.07770000
0.07790000
0.07810000
0.07890000
0.07840000
0.07990000
0.08010000
0.07950000
0.07920000
0.07980000
0.08080000
0.08060000
0.08040000
0.08080000
0.08110000
0.08100000
0.08150000
0.08120000
0.08070000
0.08070000
0.08100000
0.08070000
0.08060000
0.08150000
0.08150000
0.08240000
0.08120000
0.08160000
0.08080000
0.08100000
0.08120000
0.08130000
0.08080000
0.08100000
0.08090000
0.08130000
0.08190000
0.08140000
0.08110000
0.08150000
0.08200000
0.08200000
0.08230000
0.08230000
0.08300000
0.08140000
0.08110000
0.08180000
0.08180000
0.08170000
0.08190000
0.08180000
0.08140000
0.08150000
0.08140000
0.08120000
0.08140000
0.08120000
0.08220000
0.08090000
0.07970000
0.07970000
0.07940000
0.07920000
0.07840000
0.07840000
0.07930000
0.07930000
0.07940000
0.08040000
0.08070000
0.08060000
0.08010000
0.08000000
0.08210000
0.08110000
0.08110000
0.08070000
0.08130000
0.08270000
0.08270000
0.08260000
0.08300000
0.08260000
0.08220000
0.08290000
0.08360000
0.08370000
0.08430000
0.08520000
0.08670000
0.08490000
0.08520000
0.08530000
0.08440000
0.08480000
0.08400000
0.08410000
0.08410000
0.08450000
0.08440000
0.08530000
0.08490000
0.08530000
0.08470000
0.08500000
0.08440000
0.08380000
0.08360000
0.08410000
0.08380000
0.08340000
0.08330000
0.08390000
0.08380000
0.08400000
0.08390000
0.08400000
0.08450000
0.08410000
0.08420000
0.08410000
0.08350000
0.08320000
0.08360000
0.08430000
0.08370000
0.08390000
0.08410000
0.08440000
0.08450000
0.08460000
0.08480000
0.08450000
0.08470000
0.08420000
0.08450000
0.08380000
0.08330000
0.08330000
0.08300000
0.08300000
0.08340000
0.08280000
0.08340000
0.08330000
0.08300000
0.08300000
0.08280000
0.08250000
0.08250000
0.08260000
0.08240000
0.08240000
0.08310000
0.08300000
0.08230000
0.08210000
0.08230000
0.08200000
0.08170000
0.08140000
0.08150000
0.08140000
0.08070000
0.08090000
0.08100000
0.08040000
0.08020000
0.07970000
0.07930000
0.07980000
0.07970000
0.08000000
0.08080000
0.08010000
0.07990000
0.07890000
0.07970000
0.07970000
0.07950000
0.07970000
0.07980000
0.07920000
0.07940000
0.07940000
0.07910000
0.07960000
0.07910000
0.07930000
0.07990000
0.08010000
0.08050000
0.08020000
0.08000000
0.07990000
0.08010000
0.08020000
0.08000000
0.07990000
0.07960000
0.07960000
0.07940000
0.07980000
0.07960000
0.07990000
0.08020000
0.08040000
0.08090000
0.08130000
0.08130000
0.08070000
0.08050000
0.08030000
0.08000000
0.08010000
0.08040000
0.08070000
0.08020000
0.08000000
0.08000000
0.08000000
0.08020000
0.08010000
0.08000000
0.08030000
0.07990000
0.07950000
0.07960000
0.08010000
0.07990000
0.08000000
0.08000000
0.07980000
0.07980000
0.07970000
0.07930000
0.07880000
0.07850000
0.07850000
0.07810000
0.07790000
0.07770000
0.07700000
0.07750000
0.07830000
0.07880000
0.07860000
0.07860000
0.07790000
0.07790000
0.07760000
0.07700000
0.07670000
0.07690000
0.07610000
0.07670000
0.07700000
0.07710000
0.07690000
0.07690000
0.07640000
0.07620000
0.07600000
0.07480000
0.07430000
0.07400000
0.07470000
0.07380000
0.07470000
0.07570000
0.07590000
0.07520000
0.07530000
0.07460000
0.07430000
0.07410000
0.07350000
0.07380000
0.07270000
0.07220000
0.07130000
0.07140000
0.07120000
0.06940000
0.07010000
0.06940000
0.06950000
0.07000000
0.07000000
0.07090000
0.07040000
0.07000000
0.07040000
0.06990000
0.07040000
0.07020000
0.07030000
0.07000000
0.07110000
0.07100000
0.07070000
0.07060000
0.07070000
0.07020000
0.07140000
0.07130000
0.07100000
0.07220000
0.07120000
0.07210000
0.07230000
0.07340000
0.07220000
0.07220000
0.07210000
0.07190000
0.07160000
0.07170000
0.07110000
0.07120000
0.06910000
0.06970000
0.07050000
0.07170000
0.07130000
0.07210000
0.07250000
0.07240000
0.07210000
0.07190000
0.07230000
0.07180000
0.06930000
0.06810000
0.07050000
0.07160000
0.07290000
0.07170000
0.07200000
0.07360000
0.07410000
0.07340000
0.07290000
0.07330000
0.07350000
0.07250000
0.07360000
0.07340000
0.07300000
0.07300000
0.07260000
0.07240000
0.07190000
0.07210000
0.07240000
0.07390000
0.07310000
0.07370000
0.07360000
0.07330000
0.07280000
0.07620000
0.07780000
0.07600000
0.07660000
0.07740000
0.07630000
0.07610000
0.07720000
0.07680000
0.07690000
0.07680000
0.07690000
0.07610000
0.07780000
0.07870000
0.07950000
0.07820000
0.07710000
0.07660000
0.07710000
0.07700000
0.07660000
0.07620000
0.07600000
0.07620000
0.07650000
0.07730000
0.07790000
0.07720000
0.07690000
0.07650000
0.07660000
0.07660000
0.07710000
0.07720000
0.07710000
0.07660000
0.07640000
0.07590000
0.07600000
0.07600000
0.07640000
0.07590000
0.07550000
0.07510000
0.07570000
0.07690000
0.07750000
0.07780000
0.07840000
0.07860000
0.07800000
0.07810000
0.07780000
0.07810000
0.07730000
0.07750000
0.07740000
0.07720000
0.07710000
0.07700000
0.07620000
0.07560000
0.07560000
0.07560000
0.07500000
0.07480000
0.07480000
0.07440000
0.07460000
0.07470000
0.07470000
0.07500000
0.07470000
0.07410000
0.07480000
0.07460000
0.07440000
0.07420000
0.07490000
0.07380000
0.07420000
0.07390000
0.07410000
0.07370000
0.07350000
0.07370000
0.07420000
0.07490000
0.07440000
0.07370000
0.07280000
0.07280000
0.07340000
0.07450000
0.07400000
0.07390000
0.07380000
0.07310000
0.07230000
0.07180000
0.07150000
0.07110000
0.07150000
0.07180000
0.07110000
0.07130000
0.07060000
0.06960000
0.06900000
0.06910000
0.06970000
0.07020000
0.07050000
0.07050000
0.07000000
0.07000000
0.07000000
0.07050000
0.06980000
0.06960000
0.06970000
0.06930000
0.07030000
0.07030000
0.06940000
0.06930000
0.06990000
0.06970000
0.06940000
0.06900000
0.06900000
0.06950000
0.06870000
0.06860000
0.06840000
0.06860000
0.06950000
0.06910000
0.06880000
0.06840000
0.06710000
0.06610000
0.06820000
0.07000000
0.07080000
0.07090000
0.07060000
0.07060000
0.07080000
0.07040000
0.07040000
0.07070000
0.07050000
0.07020000
0.07050000
0.07100000
0.07130000
0.07190000
0.07100000
0.07140000
0.07230000
0.07140000
0.07230000
0.07260000
0.07290000
0.07270000
0.07320000
0.07360000
0.07280000
0.07280000
0.07340000
0.07330000
0.07350000
0.07260000
0.07280000
0.07270000
0.07290000
0.07270000
0.07260000
0.07310000
0.07210000
0.07210000
0.07110000
0.07140000
0.07100000
0.07060000
0.07080000
0.07110000
0.07120000
0.07120000
0.07220000
0.07240000
0.07190000
0.07250000
0.07240000
0.07210000
0.07260000
0.07260000
0.07220000
0.07240000
0.07280000
0.07260000
0.07300000
0.07410000
0.07430000
0.07710000
0.07750000
0.07970000
0.08090000
0.08060000
0.08040000
0.07920000
0.08060000
0.08020000
0.08000000
0.07960000
0.07910000
0.07890000
0.07950000
0.08020000
0.08010000
0.08020000
0.08000000
0.08030000
0.08030000
0.08070000
0.08050000
0.08070000
0.08020000
0.07970000
0.07980000
0.07980000
0.07940000
0.07910000
0.07770000
0.07870000
0.07900000
0.07880000
0.07880000
0.07900000
0.07940000
0.07950000
0.07960000
0.07910000
0.07830000
0.07770000
0.07800000
0.07830000
0.07810000
0.07750000
0.07730000
0.07770000
0.07770000
0.07770000
0.07730000
0.07750000
0.07770000
0.07750000
0.07680000
0.07700000
0.07700000
0.07680000
0.07610000
0.07670000
0.07690000
0.07660000
0.07640000
0.07620000
0.07610000
0.07610000
0.07570000
0.07630000
0.07570000
0.07520000
0.07510000
0.07550000
0.07510000
0.07460000
0.07520000
0.07560000
0.07580000
0.07740000
0.07680000
0.07590000
0.07580000
0.07600000
0.07460000
0.07530000
0.07520000
0.07590000
0.07630000
0.07590000
0.07520000
0.07420000
0.07330000
0.07350000
0.07410000
0.07360000
0.07380000
0.07430000
0.07430000
0.07450000
0.07460000
0.07510000
0.07520000
0.07500000
0.07470000
0.07490000
0.07480000
0.07460000
0.07470000
0.07500000
0.07540000
0.07520000
0.07520000
0.07530000
0.07550000
0.07590000
0.07580000
0.07570000
0.07610000
0.07600000
0.07590000
0.07590000
0.07610000
0.07630000
0.07660000
0.07690000
0.07650000
0.07630000
0.07640000
0.07610000
0.07610000
0.07610000
0.07600000
0.07650000
0.07680000
0.07770000
0.07680000
0.07730000
0.07780000
0.07840000
0.07860000
0.07840000
0.07900000
0.07820000
0.07770000
0.07780000
0.07780000
0.07760000
0.07760000
0.07760000
0.07840000
0.07810000
0.07840000
0.07830000
0.07800000
0.07770000
0.07800000
0.07780000
0.07760000
0.07750000
0.07750000
0.07730000
0.07700000
0.07750000
0.07790000
0.07810000
0.07780000
0.07930000
0.07930000
0.07930000
0.07920000
0.07890000
0.07970000
0.07900000
0.07890000
0.07930000
0.07980000
0.07880000
0.07950000
0.08000000
0.08150000
0.08210000
0.08270000
0.08190000
0.08350000
0.08340000
0.08180000
0.08260000
0.08310000
0.08240000
0.08150000
0.08140000
0.08230000
0.08190000
0.08190000
0.08180000
0.08260000
0.08280000
0.08210000
0.08280000
0.08240000
0.08220000
0.08240000
0.08170000
0.08160000
0.08160000
0.08130000
0.08160000
0.08200000
0.08270000
0.08270000
0.08310000
0.08210000
0.08200000
0.08160000
0.08160000
0.08140000
0.08110000
0.08090000
0.08040000
0.08070000
0.08060000
0.08080000
0.08070000
0.07950000
0.07810000
0.07830000
0.07870000
0.07900000
0.07930000
0.07910000
0.07980000
0.07970000
0.07940000
0.07930000
0.07860000
0.07880000
0.07880000
0.07850000
0.07930000
0.07910000
0.08010000
0.08020000
0.08010000
0.08070000
0.08110000
0.08140000
0.08120000
0.08080000
0.07980000
0.07980000
0.08020000
0.08040000
0.08140000
0.08470000
0.08510000
0.08640000
0.08550000
0.08390000
0.08340000
0.08330000
0.08260000
0.08240000
0.08290000
0.08160000
0.08170000
0.08270000
0.08300000
0.08280000
0.08320000
0.08330000
0.08380000
0.08440000
0.08440000
0.08450000
0.08470000
0.08470000
0.08570000
0.08630000
0.08750000
0.08710000
0.08760000
0.08780000
0.08840000
0.08810000
0.08850000
0.08770000
0.08740000
0.08720000
0.08710000
0.08600000
0.08660000
0.08690000
0.08620000
0.08620000
0.08670000
0.08680000
0.08730000
0.08710000
0.08710000
0.08690000
0.08710000
0.08700000
0.08700000
0.08780000
0.08720000
0.08810000
0.08930000
0.09020000
0.08930000
0.08910000
0.08930000
0.08960000
0.08940000
0.08880000
0.08920000
0.09030000
0.08970000
0.09030000
0.08960000
0.08990000
0.09060000
0.09120000
0.09020000
0.08930000
0.08880000
0.08970000
0.09080000
0.09070000
0.09110000
0.09080000
0.08930000
0.08990000
0.09070000
0.08980000
0.09060000
0.09050000
0.08880000
0.08860000
0.08890000
0.08900000
0.08830000
0.08820000
0.08820000
0.08880000
0.08870000
0.08830000
0.08830000
0.08750000
0.08760000
0.08680000
0.08730000
0.08720000
0.08740000
0.08680000
0.08750000
0.08750000
0.08780000
0.08780000
0.08730000
0.08770000
0.08980000
0.09070000
0.08740000
0.08700000
0.08750000
0.08710000
0.08660000
0.08690000
0.08690000
0.08700000
0.08620000
0.08560000
0.08490000
0.08490000
0.08450000
0.08540000
0.08540000
0.08460000
0.08480000
0.08460000
0.08550000
0.08610000
0.08690000
0.08610000
0.08660000
0.08800000
0.08870000
0.08910000
0.09080000
0.09260000
0.09280000
0.09250000
0.09210000
0.09210000
0.09120000
0.08880000
0.08940000
0.08880000
0.08830000
0.08670000
0.08670000
0.08560000
0.08580000
0.08600000
0.08600000
0.08460000
0.08480000
0.08240000
0.08110000
0.08320000
0.08290000
0.08300000
0.08340000
0.08390000
0.08590000
0.08520000
0.08450000
0.08460000
0.08450000
0.08410000
0.08390000
0.08400000
0.08450000
0.08560000
0.08530000
0.08470000
0.08410000
0.08400000
0.08330000
0.08310000
0.08300000
0.08430000
0.08490000
0.08490000
0.08440000
0.08340000
0.08390000
0.08320000
0.08230000
0.08220000
0.08200000
0.08170000
0.08200000
0.08230000
0.08260000
0.08280000
0.08320000
0.08360000
0.08360000
0.08400000
0.08280000
0.08240000
0.08260000
0.08340000
0.08490000
0.08580000
0.08540000
0.08630000
0.08570000
0.08620000
0.08720000
0.08490000
0.08570000
0.08590000
0.08530000
0.08530000
0.08460000
0.08350000
0.08350000
0.08440000
0.08480000
0.08620000
0.08630000
0.08430000
0.08270000
0.08250000
0.08060000
0.08020000
0.07910000
0.08110000
0.07970000
0.08110000
0.08210000
0.08140000
0.08190000
0.08170000
0.08210000
0.08230000
0.08140000
0.08150000
0.08090000
0.08110000
0.08060000
0.08140000
0.08050000
0.08050000