0.08627000
0.08139000
0.07991000
0.08011000
0.08494000
0.08405000
0.08638000
0.08599000
0.08587000
0.09123000
0.09567000
0.09575000
0.10272000
0.10670000
0.10811000
0.11750000
0.11940000
0.12035000
0.10890000
0.10645000
0.10855000
0.09782000
0.09988000
0.09352000
0.08525000
0.08773000
0.08927000
0.08774000
0.09073000
0.09489000
0.08932000
0.08918000
0.08788000
0.08883000
0.08934000
0.09099000
0.08923000
0.08946000
0.08847000
0.08884000
0.08693000
0.08354000
0.08610000
0.08808000
0.08654000
0.08590000
0.08638000
0.08496000
0.08581000
0.08676000
0.08646000
0.09188000
0.08902000
0.08991000
0.08921000
0.08610000
0.08560000
0.08565000
0.08323000
0.08227000
0.08214000
0.08405000
0.08277000
0.08066000
0.07663000
0.07727000
0.07586000
0.07254000
0.07522000
0.07455000
0.07540000
0.07457000
0.07521000
0.07429000
0.07412000
0.07681000
0.07708000
0.07620000
0.07770000
0.07702000
0.07695000
0.07738000
0.08084000
0.07997000
0.08475000
0.08311000
0.08351000
0.08076000
0.08037000
0.07840000
0.07982000
0.08023000
0.07996000
0.08113000
0.07989000
0.07997000
0.07932000
0.07980000
0.08068000
0.08037000
0.07931000
0.07911000
0.07927000
0.07864000
0.07823000
0.07962000
0.07950000
0.07971000
0.07890000
0.07921000
0.07911000
0.07875000
0.07775000
0.07890000
0.07862000
0.08051000
0.08055000
0.08142000
0.08299000
0.08160000
0.07973000
0.08043000
0.07960000
0.07888000
0.07911000
0.07891000
0.08066000
0.08040000
0.07985000
0.08120000
0.08093000
0.08077000
0.08068000
0.08078000
0.08129000
0.08136000
0.08122000
0.08142000
0.08333000
0.08559000
0.08584000
0.08529000
0.08345000
0.08410000
0.08370000
0.08447000
0.08375000
0.08435000
0.08433000
0.08441000
0.08639000
0.08502000
0.08506000
0.08467000
0.08543000
0.08501000
0.08186000
0.08188000
0.08179000
0.08210000
0.08251000
0.08307000
0.08261000
0.08438000
0.08445000
0.08575000
0.08617000
0.08504000
0.08441000
0.08360000
0.08381000
0.08161000
0.08233000
0.08114000
0.08196000
0.08158000
0.08102000
0.08164000
0.08174000
0.08205000
0.08247000
0.08105000
0.08118000
0.08106000
0.08133000
0.08212000
0.08233000
0.08171000
0.08152000
0.08098000
0.07631000
0.07752000
0.07790000
0.07785000
0.07747000
0.07817000
0.07756000
0.07774000
0.07895000
0.07941000
0.07952000
0.08001000
0.08002000
0.08030000
0.07875000
0.07915000
0.07948000
0.07957000
0.07959000
0.07916000
0.07957000
0.07982000
0.08117000
0.08116000
0.08161000
0.08143000
0.08112000
0.08329000
0.08215000
0.08279000
0.08243000
0.08062000
0.07981000
0.08051000
0.07957000
0.07980000
0.07967000
0.07985000
0.07997000
0.08057000
0.08099000
0.08164000
0.08080000
0.08072000
0.08133000
0.08109000
0.08190000
0.08268000
0.08257000
0.08173000
0.08265000
0.08252000
0.08210000
0.08284000
0.08274000
0.08313000
0.08236000
0.08218000
0.08225000
0.08213000
0.08209000
0.08316000
0.08267000
0.08382000
0.08380000
0.08448000
0.08668000
0.08605000
0.08785000
0.08773000
0.08819000
0.08415000
0.08453000
0.08473000
0.08316000
0.08414000
0.08425000
0.08539000
0.08547000
0.08523000
0.08527000
0.08618000
0.08822000
0.08801000
0.08808000
0.08877000
0.08841000
0.08742000
0.08608000
0.08693000
0.09207000
0.09304000
0.09200000
0.08986000
0.08929000
0.08825000
0.08879000
0.09008000
0.08849000
0.09124000
0.09103000
0.08998000
0.09121000
0.08989000
0.09302000
0.09366000
0.09367000
0.09167000
0.09083000
0.09134000
0.08995000
0.08912000
0.08933000
0.09083000
0.09045000
0.09216000
0.09458000
0.09303000
0.09284000
0.09674000
0.09908000
0.09808000
0.10026000
0.09793000
0.09987000
0.10006000
0.09917000
0.09921000
0.09784000
0.09824000
0.09934000
0.09878000
0.09762000
0.09761000
0.09635000
0.09719000
0.09800000
0.09820000
0.09714000
0.09673000
0.09830000
0.09882000
0.09987000
0.09892000
0.09893000
0.09826000
0.09699000
0.09516000
0.09421000
0.09493000
0.09472000
0.09322000
0.09213000
0.09289000
0.09447000
0.09345000
0.09309000
0.09403000
0.09512000
0.09894000
0.10368000
0.10555000
0.10436000
0.10742000
0.11394000
0.10905000
0.10819000
0.10649000
0.10990000
0.10877000
0.10957000
0.10922000
0.10899000
0.10899000
0.10636000
0.10447000
0.10619000
0.10636000
0.10798000
0.10665000
0.10618000
0.10587000
0.10727000
0.10572000
0.10526000
0.10668000
0.10700000
0.10870000
0.10770000
0.10939000
0.11029000
0.11098000
0.11036000
0.10969000
0.11130000
0.11196000
0.11302000
0.11530000
0.11832000
0.11626000
0.11968000
0.11678000
0.11931000
0.12089000
0.12160000
0.12228000
0.11916000
0.11799000
0.11701000
0.11901000
0.12061000
0.11997000
0.12181000
0.12317000
0.11948000
0.11849000
0.12074000
0.12105000
0.11977000
0.11875000
0.11657000
0.11871000
0.11764000
0.11763000
0.11292000
0.11326000
0.11490000
0.11343000
0.11434000
0.11189000
0.11332000
0.11310000
0.11412000
0.11351000
0.11317000
0.11367000
0.11204000
0.11112000
0.11248000
0.11325000
0.11233000
0.11245000
0.11282000
0.11110000
0.11192000
0.11124000
0.11199000
0.11182000
0.11276000
0.11250000
0.11268000
0.11203000
0.11225000
0.11189000
0.10920000
0.10874000
0.11114000
0.11077000
0.11057000
0.11048000
0.11431000
0.11359000
0.11334000
0.11204000
0.11185000
0.11079000
0.11142000
0.11271000
0.11271000
0.11239000
0.11278000
0.11282000
0.11281000
0.11532000
0.11344000
0.11328000
0.11273000
0.11301000
0.11310000
0.11410000
0.11469000
0.11618000
0.11606000
0.11619000
0.11713000
0.11797000
0.11869000
0.11710000
0.11645000
0.11692000
0.11478000
0.11629000
0.11789000
0.12002000
0.12151000
0.12064000
0.12729000
0.12708000
0.12856000
0.12722000
0.12826000
0.12941000
0.12810000
0.12804000
0.12750000
0.12644000
0.12864000
0.12817000
0.12802000
0.12725000
0.12725000
0.12598000
0.12585000
0.12500000
0.12663000
0.12845000
0.12895000
0.13295000
0.13424000
0.13288000
0.13522000
0.13690000
0.13698000
0.13435000
0.13438000
0.13455000
0.13361000
0.13323000
0.13588000
0.13701000
0.13613000
0.13617000
0.13685000
0.13848000
0.14014000
0.14382000
0.14839000
0.14652000
0.14872000
0.14516000
0.14608000
0.14692000
0.14918000
0.14935000
0.15311000
0.15228000
0.15721000
0.16880000
0.16885000
0.16321000
0.16623000
0.16572000
0.16133000
0.16070000
0.15762000
0.15846000
0.16588000
0.16274000
0.16234000
0.15902000
0.15836000
0.15984000
0.16206000
0.16352000
0.16193000
0.15996000
0.16116000
0.15904000
0.15986000
0.16081000
0.16102000
0.15998000
0.15987000
0.15945000
0.15414000
0.14799000
0.14878000
0.14626000
0.14721000
0.14909000
0.14175000
0.14205000
0.14142000
0.13831000
0.13936000
0.14187000
0.14445000
0.14393000
0.14534000
0.14341000
0.14368000
0.14697000
0.14462000
0.14539000
0.14384000
0.14348000
0.14403000
0.14490000
0.14126000
0.13969000
0.13971000
0.13550000
0.13570000
0.13708000
0.13984000
0.14097000
0.14191000
0.14184000
0.14343000
0.14284000
0.14354000
0.15128000
0.14978000
0.14583000
0.14476000
0.14550000
0.14434000
0.14557000
0.14643000
0.14652000
0.14673000
0.14469000
0.14493000
0.14804000
0.14925000
0.14697000
0.14889000
0.14662000
0.14615000
0.14490000
0.14545000
0.14717000
0.14730000
0.14833000
0.15435000
0.15359000
0.15738000
0.16025000
0.16055000
0.15997000
0.15747000
0.15598000
0.15480000
0.15692000
0.15532000
0.15786000
0.15791000
0.15645000
0.15348000
0.15163000
0.15353000
0.15418000
0.15639000
0.15669000
0.15376000
0.15460000
0.15419000
0.15244000
0.14927000
0.14805000
0.14279000
0.14179000
0.14519000
0.14396000
0.14536000
0.14460000
0.14422000
0.14295000
0.14493000
0.14338000
0.13962000
0.14271000
0.14431000
0.14447000
0.14251000
0.14183000
0.14294000
0.14015000
0.14181000
0.14523000
0.14430000
0.14458000
0.14280000
0.14213000
0.14169000
0.14112000
0.14214000
0.13784000
0.14051000
0.13765000
0.13858000
0.14029000
0.14018000
0.13897000
0.13710000
0.13622000
0.13657000
0.13890000
0.13895000
0.14038000
0.13912000
0.13777000
0.13994000
0.13936000
0.13822000
0.13662000
0.13732000
0.13489000
0.13627000
0.13842000
0.13917000
0.13874000
0.14048000
0.14109000
0.14281000
0.14312000
0.14322000
0.14301000
0.14184000
0.14259000
0.14178000
0.14056000
0.13829000
0.13723000
0.13827000
0.13768000
0.13898000
0.13872000
0.13901000
0.14032000
0.14093000
0.14155000
0.14048000
0.14064000
0.13693000
0.13690000
0.13777000
0.13819000
0.13803000
0.13981000
0.14039000
0.14062000
0.14248000
0.14190000
0.14271000
0.14323000
0.14253000
0.14274000
0.14307000
0.14384000
0.14250000
0.14043000
0.14114000
0.14006000
0.14281000
0.14270000
0.14435000
0.14213000
0.14280000
0.14425000
0.14368000
0.14153000
0.14233000
0.14246000
0.14374000
0.14825000
0.14371000
0.14321000
0.14250000
0.14021000
0.14084000
0.13976000
0.14081000
0.13907000
0.14075000
0.13956000
0.14054000
0.14030000
0.13674000
0.13712000
0.13460000
0.13387000
0.13393000
0.13462000
0.13651000
0.13672000
0.13691000
0.13805000
0.13778000
0.13881000
0.13736000
0.13637000
0.13451000
0.13534000
0.13521000
0.13414000
0.13500000
0.13261000
0.13284000
0.12887000
0.13007000
0.13004000
0.12862000
0.12779000
0.13166000
0.13076000
0.13060000
0.13111000
0.13038000
0.13082000
0.13030000
0.13002000
0.13099000
0.13043000
0.13111000
0.13120000
0.13058000
0.12938000
0.13060000
0.12982000
0.13089000
0.13141000
0.13233000
0.13284000
0.13279000
0.13314000
0.13369000
0.13287000
0.13430000
0.13336000
0.13345000
0.13224000
0.13165000
0.13112000
0.13173000
0.13154000
0.13111000
0.13116000
0.13201000
0.13247000
0.13320000
0.13448000
0.13396000
0.13418000
0.13413000
0.13365000
0.13350000
0.13341000
0.13372000
0.13322000
0.13431000
0.13281000
0.13529000
0.13401000
0.13346000
0.13350000
0.13325000
0.13349000
0.13383000
0.13503000
0.13737000
0.13626000
0.13852000
0.13877000
0.13929000
0.14058000
0.14252000
0.14333000
0.13811000
0.13655000
0.13580000
0.13602000
0.13541000
0.13599000
0.13686000
0.13724000
0.13760000
0.13797000
0.13687000
0.13631000
0.13590000
0.13534000
0.13467000
0.13445000
0.13538000
0.13525000
0.13485000
0.13431000
0.13415000
0.13443000
0.13417000
0.13346000
0.13574000
0.13593000
0.13656000
0.13714000
0.13738000
0.13743000
0.13884000
0.13890000
0.13844000
0.13813000
0.13712000
0.13848000
0.13815000
0.13832000
0.13746000
0.13721000
0.13620000
0.13584000
0.13530000
0.13416000
0.13353000
0.13363000
0.13097000
0.13283000
0.13326000
0.13264000
0.13355000
0.13435000
0.13356000
0.13328000
0.13263000
0.13270000
0.13186000
0.13120000
0.13071000
0.13230000
0.13112000
0.13293000
0.13271000
0.13502000
0.13589000
0.13545000
0.13472000
0.13684000
0.13617000
0.13792000
0.13771000
0.13708000
0.13604000
0.13660000
0.13655000
0.13740000
0.14168000
0.14005000
0.14075000
0.14348000
0.14326000
0.14362000
0.14387000
0.14293000
0.14076000
0.14106000
0.14273000
0.14195000
0.14274000
0.14325000
0.14393000
0.14239000
0.14405000
0.14269000
0.14197000
0.14172000
0.14273000
0.14306000
0.14220000
0.14179000
0.14298000
0.14385000
0.14195000
0.14188000
0.14323000
0.14341000
0.14381000
0.14645000
0.14614000
0.14198000
0.13998000
0.13932000
0.13917000
0.13866000
0.13695000
0.13747000
0.13901000
0.13960000
0.13967000
0.13803000
0.13736000
0.13651000
0.13705000
0.13737000
0.13794000
0.13766000
0.13624000
0.13564000
0.13740000
0.13871000
0.14094000
0.14073000
0.14126000
0.13994000
0.14012000
0.14003000
0.14119000
0.13973000
0.13814000
0.13721000
0.13655000
0.13616000
0.13487000
0.13494000
0.13307000
0.13217000
0.13201000
0.13280000
0.13183000
0.13110000
0.13263000
0.13304000
0.13175000
0.12656000
0.12506000
0.12292000
0.12291000
0.12298000
0.12212000
0.12202000
0.12264000
0.12288000
0.12278000
0.12386000
0.12490000
0.12443000
0.12487000
0.12424000
0.12414000
0.12488000
0.12520000
0.12426000
0.12460000
0.12489000
0.12592000
0.12666000
0.12687000
0.12731000
0.12757000
0.12855000
0.12726000
0.12787000
0.12785000
0.12800000
0.12831000
0.12891000
0.12785000
0.12742000
0.12841000
0.12796000
0.12914000
0.13042000
0.13145000
0.13075000
0.13003000
0.12992000
0.12913000
0.12893000
0.12835000
0.12737000
0.12675000
0.12637000
0.12683000
0.12700000
0.12694000
0.12756000
0.12848000
0.12862000
0.12778000
0.12845000
0.12949000
0.12816000
0.12785000
0.12957000
0.12915000
0.12909000
0.12896000
0.12889000
0.12957000
0.13000000
0.13081000
0.13057000
0.12949000
0.12916000
0.12994000
0.12880000
0.12825000
0.12897000
0.12868000
0.12952000
0.12859000
0.12916000
0.12901000
0.12947000
0.12949000
0.13117000
0.13219000
0.13351000
0.13400000
0.13262000
0.13186000
0.13119000
0.13109000
0.13076000
0.12926000
0.12730000
0.12635000
0.12655000
0.12432000
0.12570000
0.12445000
0.12412000
0.12513000
0.12502000
0.12577000
0.12486000
0.12515000
0.12407000
0.12413000
0.12336000
0.12387000
0.12427000
0.12448000
0.12457000
0.12516000
0.12462000
0.12484000
0.12399000
0.12350000
0.12342000
0.12333000
0.12400000
0.12369000
0.12198000
0.12142000
0.12204000
0.12314000
0.12327000
0.12232000
0.12162000
0.12142000
0.12181000
0.12390000
0.12399000
0.12439000
0.12447000
0.12377000
0.12368000
0.12352000
0.12379000
0.12435000
0.12388000
0.12364000
0.12423000
0.12438000
0.12453000
0.12434000
0.12358000
0.12389000
0.12435000
0.12384000
0.12379000
0.12351000
0.12314000
0.12245000
0.12247000
0.12159000
0.12177000
0.11838000
0.11721000
0.11715000
0.11696000
0.11729000
0.11727000
0.11825000
0.11744000
0.11679000
0.11680000
0.11681000
0.11699000
0.11710000
0.11720000
0.11643000
0.11710000
0.11705000
0.11664000
0.11621000
0.11628000
0.11683000
0.11698000
0.11616000
0.11592000
0.11492000
0.11384000
0.11389000
0.11433000
0.11451000
0.11555000
0.11436000
0.11364000
0.11465000
0.11383000
0.11214000
0.11127000
0.10952000
0.11074000
0.10911000
0.10955000
0.10874000
0.10890000
0.10948000
0.10948000
0.10841000
0.10774000
0.10734000
0.10776000
0.10930000
0.10781000
0.10526000
0.10493000
0.10455000
0.10407000
0.10466000
0.10562000
0.10576000
0.10517000
0.10512000
0.10525000
0.10525000
0.10567000
0.10554000
0.10463000
0.10420000
0.10367000
0.10235000
0.10131000
0.10345000
0.10290000
0.10285000
0.10192000
0.10210000
0.10267000
0.10304000
0.10367000
0.10453000
0.10408000
0.10452000
0.10399000
0.10379000
0.10392000
0.10435000
0.10451000
0.10420000
0.10445000
0.10444000
0.10436000
0.10386000
0.10439000
0.10414000
0.10346000
0.10316000
0.10397000
0.10413000
0.10404000
0.10425000
0.10309000
0.10345000
0.10372000
0.10360000
0.10432000
0.10499000
0.10450000
0.10375000
0.10377000
0.10305000
0.10318000
0.10304000
0.10315000
0.10317000
0.10347000
0.10311000
0.10282000
0.10343000
0.10405000
0.10391000
0.10374000
0.10386000
0.10301000
0.10241000
0.10258000
0.10247000
0.10217000
0.10269000
0.10325000
0.10284000
0.10380000
0.10436000
0.10414000
0.10358000
0.10127000
0.10260000
0.10225000
0.10196000
0.10200000
0.10189000
0.10204000
0.10264000
0.10327000
0.10332000
0.10297000
0.10197000
0.10175000
0.10173000
0.10172000
0.10207000
0.10170000
0.10309000
0.10369000
0.10358000
0.10304000
0.10305000
0.10179000
0.10151000
0.10123000
0.09927000
0.10019000
0.10130000
0.10271000
0.10220000
0.10330000
0.10339000
0.10430000
0.10438000
0.10378000
0.10266000
0.10188000
0.10165000
0.10161000
0.10076000
0.10111000
0.10178000
0.10185000
0.10026000
0.09994000
0.10045000
0.10103000
0.10132000
0.10174000
0.10129000
0.10068000
0.10100000
0.10086000
0.10276000
0.10238000
0.10262000
0.10283000
0.10232000
0.10223000
0.10252000
0.10240000
0.10258000
0.10169000
0.10098000
0.10105000
0.10123000
0.10101000
0.10104000
0.10119000
0.10124000
0.10112000
0.10139000
0.10078000
0.10141000
0.10095000
0.10079000
0.10015000
0.10009000
0.10097000
0.10017000
0.10004000
0.10043000
0.09995000
0.09973000
0.09916000
0.09945000
0.09961000
0.09944000
0.10022000
0.10003000
0.10066000
0.10160000
0.10201000
0.10231000
0.10255000
0.10269000
0.10162000
0.10219000
0.10160000
0.10121000
0.10143000
0.10094000
0.10050000
0.10031000
0.10071000
0.10083000
0.10115000
0.10065000
0.10064000
0.10085000
0.10090000
0.10062000
0.10062000
0.10032000
0.10005000
0.09981000
0.09925000
0.09925000
0.09780000
0.09725000
0.09790000
0.09746000
0.09867000
0.09822000
0.09735000
0.09772000
0.09758000
0.09755000
0.09715000
0.09677000
0.09678000
0.09656000
0.09604000
0.09617000
0.09595000
0.09668000
0.09619000
0.09642000
0.09651000
0.09695000
0.09659000
0.09706000
0.09690000
0.09638000
0.09565000
0.09503000
0.09499000
0.09499000
0.09476000
0.09550000
0.09507000
0.09574000
0.09594000
0.09616000
0.09564000
0.09617000
0.09612000
0.09559000
0.09505000
0.09489000
0.09371000
0.09416000
0.09471000
0.09457000
0.09430000
0.09419000
0.09523000
0.09495000
0.09414000
0.09470000
0.09498000
0.09586000
0.09547000
0.09382000
0.09449000
0.09436000
0.09512000
0.09442000
0.09398000
0.09438000
0.09409000
0.09468000
0.09417000
0.09508000
0.09460000
0.09418000
0.09332000
0.09301000
0.09211000
0.09195000
0.09221000
0.09268000
0.09312000
0.09380000
0.09442000
0.09400000
0.09305000
0.09272000
0.09309000
0.09321000
0.09268000
0.09295000
0.09260000
0.09273000
0.09413000
0.09432000
0.09469000
0.09382000
0.09430000
0.09365000
0.09240000
0.09267000
0.09286000
0.09305000
0.09304000
0.09248000
0.09229000
0.09263000
0.09204000
0.09195000
0.09184000
0.09232000
0.09227000
0.09205000
0.09126000
0.09149000
0.09149000
0.09193000
0.09166000
0.09147000
0.09142000
0.09220000
0.09226000
0.09268000
0.09327000
0.09310000
0.09340000
0.09311000
0.09331000
0.09388000
0.09407000
0.09451000
0.09378000
0.09370000
0.09412000
0.09405000
0.09449000
0.09403000
0.09397000
0.09417000
0.09393000
0.09406000
0.09375000
0.09377000
0.09384000
0.09384000
0.09359000
0.09364000
0.09333000
0.09323000
0.09306000
0.09337000
0.09315000
0.09276000
0.09300000
0.09327000
0.09300000
0.09307000
0.09284000
0.09319000
0.09294000
0.09325000
0.09300000
0.09313000
0.09315000
0.09377000
0.09240000
0.09295000
0.09262000
0.09258000
0.09283000
0.09235000
0.09240000
0.09212000
0.09190000
0.09198000
0.09241000
0.09220000
0.09301000
0.09276000
0.09282000
0.09300000
0.09260000
0.09228000
0.09237000
0.09210000
0.09209000
0.09198000
0.09186000
0.09226000
0.09287000
0.09261000
0.09268000
0.09390000
0.09402000
0.09304000
0.09333000
0.09281000
0.09205000
0.09269000
0.09335000
0.09358000
0.09390000
0.09395000
0.09374000
0.09517000
0.09552000
0.09469000
0.09524000
0.09537000
0.09463000
0.09398000
0.09467000
0.09403000
0.09364000
0.09352000
0.09271000
0.09226000
0.09139000
0.09143000
0.09022000
0.09162000
0.09257000
0.09162000
0.09247000
0.09328000
0.09372000
0.09316000
0.09230000
0.09309000
0.09346000
0.09275000
0.09254000
0.09281000
0.09234000
0.09206000
0.09200000
0.09223000
0.09198000
0.09201000
0.09215000
0.09193000
0.09204000
0.09189000
0.09263000
0.09252000
0.09230000
0.09251000
0.09252000
0.09271000
0.09231000
0.09229000
0.09214000
0.09212000
0.09149000
0.09103000
0.09005000
0.09009000
0.08966000
0.09105000
0.09046000
0.08985000
0.09008000
0.09102000
0.09143000
0.09141000
0.09075000
0.09045000
0.09061000
0.09000000
0.09041000
0.09052000
0.09030000
0.08986000
0.08937000
0.08934000
0.08803000
0.08864000
0.08850000
0.08820000
0.08817000
0.08834000
0.08863000
0.08851000
0.08877000
0.08887000
0.08960000
0.08919000
0.08878000
0.09004000
0.09053000
0.09017000
0.09050000
0.08999000
0.08996000
0.08966000
0.08964000
0.08960000
0.08962000
0.08965000
0.08949000
0.08928000
0.08937000
0.08914000
0.08872000
0.08858000
0.08810000
0.08837000
0.08805000
0.08770000
0.08696000
0.08675000
0.08732000
0.08736000
0.08727000
0.08722000
0.08679000
0.08677000
0.08650000
0.08683000
0.08618000
0.08630000
0.08661000
0.08631000
0.08584000
0.08600000
0.08580000
0.08556000
0.08595000
0.08646000
0.08676000
0.08699000
0.08696000
0.08629000
0.08604000
0.08696000
0.08753000
0.08799000
0.08793000
0.08831000
0.08770000
0.08764000
0.08738000
0.08712000
0.08708000
0.08749000
0.08775000
0.08718000
0.08670000
0.08630000
0.08586000
0.08629000
0.08648000
0.08635000
0.08647000
0.08653000
0.08603000
0.08550000
0.08592000
0.08554000
0.08497000
0.08676000
0.08722000
0.08751000
0.08734000
0.08786000
0.08734000
0.08701000
0.08681000
0.08695000
0.08700000
0.08679000
0.08711000
0.08744000
0.08777000
0.08781000
0.08756000
0.08718000
0.08697000
0.08716000
0.08750000
0.08681000
0.08635000
0.08535000
0.08499000
0.08549000
0.08518000
0.08463000
0.08471000
0.08435000
0.08423000
0.08457000
0.08502000
0.08511000
0.08463000
0.08548000
0.08688000
0.08753000
0.08768000
0.08656000
0.08688000
0.08620000
0.08604000
0.08533000
0.08479000
0.08500000
0.08592000
0.08714000
0.08773000
0.08807000
0.08854000
0.08789000
0.08835000
0.08787000
0.08755000
0.08732000
0.08746000
0.08749000
0.08747000
0.08793000
0.08689000
0.08662000
0.08649000
0.08650000
0.08632000
0.08652000
0.08713000
0.08751000
0.08720000
0.08599000
0.08520000
0.08554000
0.08545000
0.08538000
0.08523000
0.08470000
0.08482000
0.08476000
0.08433000
0.08401000
0.08400000
0.08366000
0.08411000
0.08513000
0.08443000
0.08472000
0.08494000
0.08418000
0.08393000
0.08384000
0.08426000
0.08463000
0.08522000
0.08544000
0.08515000
0.08512000
0.08497000
0.08477000
0.08466000
0.08522000
0.08534000
0.08553000
0.08559000
0.08514000
0.08501000
0.08494000
0.08498000
0.08492000
0.08480000
0.08451000
0.08477000
0.08484000
0.08470000
0.08426000
0.08476000
0.08443000
0.08468000
0.08542000
0.08551000
0.08559000
0.08484000
0.08557000
0.08632000
0.08502000
0.08539000
0.08508000
0.08461000
0.08474000
0.08578000
0.08595000
0.08619000
0.08613000
0.08597000
0.08553000
0.08458000
0.08424000
0.08410000
0.08393000
0.08403000
0.08435000
0.08418000
0.08335000
0.08304000
0.08284000
0.08346000
0.08367000
0.08387000
0.08374000
0.08402000
0.08389000
0.08360000
0.08351000
0.08368000
0.08339000
0.08326000
0.08357000
0.08381000
0.08424000
0.08437000
0.08405000
0.08443000
0.08439000
0.08436000
0.08398000
0.08396000
0.08435000
0.08459000
0.08440000
0.08465000
0.08523000
0.08530000
0.08508000
0.08523000
0.08487000
0.08535000
0.08536000
0.08549000
0.08551000
0.08570000
0.08533000
0.08513000
0.08538000
0.08534000
0.08519000
0.08543000
0.08562000
0.08577000
0.08561000
0.08573000
0.08536000
0.08519000
0.08533000
0.08520000
0.08586000
0.08542000
0.08546000
0.08565000
0.08575000
0.08527000
0.08544000
0.08552000
0.08534000
0.08519000
0.08550000
0.08532000
0.08520000
0.08524000
0.08528000
0.08506000
0.08491000
0.08448000
0.08468000
0.08457000
0.08396000
0.08437000
0.08411000
0.08433000
0.08394000
0.08327000
0.08310000
0.08251000
0.08277000
0.08250000
0.08220000
0.08236000
0.08259000
0.08217000
0.08244000
0.08230000
0.08189000
0.08181000
0.08198000
0.08175000
0.08194000
0.08183000
0.08165000
0.08178000
0.08163000
0.08151000
0.08095000
0.08101000
0.08076000
0.08054000
0.08059000
0.08007000
0.08034000
0.07996000
0.07995000
0.08019000
0.08090000
0.08118000
0.08064000
0.08116000
0.08136000
0.08113000
0.08054000
0.08083000
0.08003000
0.08058000
0.08049000
0.08017000
0.08008000
0.07988000
0.07966000
0.07934000
0.07907000
0.07855000
0.07883000
0.07879000
0.07938000
0.07889000
0.07897000
0.07919000
0.07873000
0.07814000
0.07747000
0.07774000
0.07768000
0.07767000
0.07699000
0.07653000
0.07670000
0.07625000
0.07623000
0.07655000
0.07686000
0.07658000
0.07682000
0.07680000
0.07616000
0.07613000
0.07598000
0.07565000
0.07589000
0.07591000
0.07650000
0.07627000
0.07626000
0.07666000
0.07717000
0.07738000
0.07746000
0.07756000
0.07668000
0.07674000
0.07692000
0.07736000
0.07769000
0.07748000
0.07679000
0.07706000
0.07686000
0.07696000
0.07742000
0.07705000
0.07716000
0.07684000
0.07633000
0.07600000
0.07632000
0.07576000
0.07503000
0.07512000
0.07547000
0.07517000
0.07529000
0.07519000
0.07590000
0.07622000
0.07650000
0.07685000
0.07711000
0.07673000
0.07655000
0.07663000
0.07698000
0.07715000
0.07697000
0.07663000
0.07650000
0.07622000
0.07672000
0.07667000
0.07675000
0.07666000
0.07633000
0.07606000
0.07594000
0.07557000
0.07519000
0.07502000
0.07431000
0.07469000
0.07458000
0.07509000
0.07547000
0.07528000
0.07520000
0.07479000
0.07569000
0.07552000
0.07563000
0.07611000
0.07591000
0.07553000
0.07562000
0.07574000
0.07584000
0.07624000
0.07626000
0.07590000
0.07619000
0.07605000
0.07607000
0.07594000
0.07573000
0.07570000
0.07514000
0.07499000
0.07484000
0.07487000
0.07481000
0.07424000
0.07419000
0.07481000
0.07492000
0.07510000
0.07523000
0.07515000
0.07547000
0.07506000
0.07471000
0.07478000
0.07476000
0.07484000
0.07489000
0.07518000
0.07497000
0.07505000
0.07537000
0.07538000
0.07519000
0.07531000
0.07465000
0.07441000
0.07412000
0.07434000
0.07503000
0.07448000
0.07513000
0.07523000
0.07595000
0.07618000
0.07581000
0.07628000
0.07585000
0.07620000
0.07602000
0.07664000
0.07681000
0.07681000
0.07702000
0.07658000
0.07626000
0.07591000
0.07602000
0.07649000
0.07595000
0.07614000
0.07534000
0.07599000
0.07588000
0.07604000
0.07595000
0.07546000
0.07489000
0.07463000
0.07438000
0.07426000
0.07449000
0.07349000
0.07315000
0.07388000
0.07390000
0.07353000
0.07389000
0.07384000
0.07392000
0.07371000
0.07438000
0.07480000
0.07490000
0.07486000
0.07516000
0.07468000
0.07486000
0.07509000
0.07532000
0.07573000
0.07518000
0.07474000
0.07464000
0.07448000
0.07444000
0.07455000
0.07406000
0.07405000
0.07468000
0.07448000
0.07392000
0.07370000
0.07419000
0.07421000
0.07442000
0.07492000
0.07543000
0.07527000
0.07541000
0.07558000
0.07541000
0.07582000
0.07573000
0.07572000
0.07597000
0.07635000
0.07673000
0.07607000
0.07631000
0.07671000
0.07705000
0.07706000
0.07641000
0.07640000
0.07638000
0.07638000
0.07655000
0.07616000
0.07634000
0.07612000
0.07658000
0.07644000
0.07615000
0.07636000
0.07691000
0.07883000
0.07763000
0.07646000
0.07720000
0.07737000
0.07632000
0.07577000
0.07542000
0.07542000
0.07547000
0.07616000
0.07617000
0.07659000
0.07642000
0.07607000
0.07548000
0.07527000
0.07513000
0.07540000
0.07530000
0.07550000
0.07496000
0.07534000
0.07577000
0.07585000
0.07565000
0.07581000
0.07619000
0.07595000
0.07578000
0.07556000
0.07540000
0.07525000
0.07537000
0.07535000
0.07508000
0.07500000
0.07500000
0.07478000
0.07467000
0.07435000
0.07460000
0.07473000
0.07502000
0.07520000
0.07536000
0.07540000
0.07500000
0.07487000
0.07462000
0.07429000
0.07495000
0.07492000
0.07503000
0.07507000
0.07487000
0.07479000
0.07447000
0.07475000
0.07429000
0.07451000
0.07429000
0.07436000
0.07399000
0.07398000
0.07412000
0.07375000
0.07366000
0.07338000
0.07304000
0.07304000
0.07258000
0.07243000
0.07268000
0.07270000
0.07231000
0.07145000
0.07138000
0.07143000
0.07070000
0.07116000
0.07233000
0.07197000
0.07202000
0.07189000
0.07131000
0.07174000
0.07203000
0.07180000
0.07156000
0.07142000
0.07111000
0.07152000
0.07124000
0.07073000
0.07017000
0.07004000
0.06989000
0.06990000
0.07008000
0.07005000
0.07016000
0.06986000
0.07031000
0.07067000
0.07119000
0.07168000
0.07141000
0.07157000
0.07131000
0.07107000
0.07173000
0.07170000
0.07136000
0.07110000
0.07129000
0.07112000
0.07082000
0.07078000
0.07095000
0.07037000
0.07023000
0.07009000
0.06947000
0.06945000
0.06983000
0.07044000
0.07063000
0.07121000
0.07113000
0.07160000
0.07168000
0.07127000
0.07186000
0.07213000
0.07193000
0.07199000
0.07232000
0.07168000
0.07168000
0.07194000
0.07153000
0.07175000
0.07244000
0.07257000
0.07218000
0.07185000
0.07210000
0.07196000
0.07205000
0.07183000
0.07147000
0.07158000
0.07148000
0.07131000
0.07112000
0.07122000
0.07141000
0.07112000
0.07131000
0.07115000
0.07111000
0.07110000
0.07106000
0.07114000
0.07126000
0.07156000
0.07141000
0.07119000
0.07133000
0.07166000
0.07186000
0.07155000
0.07145000
0.07124000
0.07132000
0.07122000
0.07107000
0.07091000
0.07068000
0.07078000
0.07059000
0.07049000
0.07044000
0.07070000
0.07089000
0.07108000
0.07075000
0.07062000
0.07088000
0.07120000
0.07104000
0.07057000
0.07105000
0.07069000
0.07142000
0.07089000
0.07112000
0.07039000
0.07050000
0.07028000
0.07015000
0.06994000
0.06979000
0.06972000
0.06972000
0.06993000
0.06983000
0.06972000
0.06973000
0.07033000
0.07006000
0.06968000
0.06940000
0.07000000
0.07084000
0.07052000
0.07082000
0.07110000
0.07059000
0.07094000
0.07068000
0.07095000
0.07075000
0.07049000
0.07013000
0.07006000
0.07044000
0.07027000
0.07011000
0.07035000
0.07036000
0.07039000
0.07011000
0.07007000
0.06995000
0.07016000
0.06958000
0.06964000
0.06955000
0.06941000
0.06708000
0.06763000
0.06808000
0.06827000
0.06856000
0.06867000
0.06882000
0.06865000
0.06909000
0.06861000
0.06830000
0.06843000
0.06864000
0.06915000
0.06893000
0.06902000
0.06891000
0.06875000
0.06882000
0.06859000
0.06870000
0.06859000
0.06900000
0.06854000
0.06856000
0.06882000
0.06919000
0.06920000
0.06906000
0.06929000
0.06909000
0.06898000
0.06979000
0.07015000
0.07045000
0.07036000
0.07028000
0.07053000
0.07021000
0.07034000
0.07074000
0.07068000
0.07106000
0.07094000
0.07062000
0.07089000
0.07082000
0.07024000
0.07044000
0.07068000
0.07035000
0.07024000
0.07038000
0.07017000
0.07029000
0.07047000
0.07045000
0.07053000
0.07039000
0.07033000
0.07034000
0.07037000
0.07076000
0.07084000
0.07083000
0.07019000
0.07044000
0.07050000
0.07143000
0.07127000
0.07172000
0.07121000
0.07094000
0.07112000
0.07144000
0.07156000
0.07138000
0.07103000
0.07082000
0.07080000
0.07098000
0.07089000
0.07066000
0.07040000
0.07057000
0.07039000
0.07025000
0.07059000
0.07061000
0.07059000
0.07072000
0.07032000
0.06984000
0.07054000
0.07092000
0.07111000
0.07092000
0.07141000
0.07106000
0.07096000
0.07083000
0.07095000
0.07096000
0.07104000
0.07151000
0.07159000
0.07121000
0.07070000
0.07099000
0.07093000
0.07079000
0.07104000
0.07071000
0.07042000
0.07049000
0.07062000
0.07051000
0.07042000
0.07057000
0.07091000
0.07061000
0.07072000
0.07044000
0.07071000
0.07041000
0.07031000
0.07039000
0.07032000
0.07035000
0.07051000
0.07023000
0.07047000
0.07065000
0.07088000
0.07129000
0.07135000
0.07142000
0.07167000
0.07143000
0.07157000
0.07156000
0.07113000
0.07123000
0.07107000
0.07081000
0.07064000
0.07055000
0.07043000
0.07029000
0.06995000
0.06999000
0.06984000
0.07009000
0.06992000
0.06997000
0.07012000
0.06995000
0.06950000
0.06937000
0.06984000
0.07012000
0.06995000
0.06978000
0.06977000
0.06953000
0.06980000
0.06972000
0.06976000
0.06960000
0.06951000
0.06956000
0.06967000
0.06965000
0.06972000
0.06950000
0.06942000
0.06918000
0.06908000
0.06884000
0.06859000
0.06859000
0.06883000
0.06917000
0.06918000
0.06977000
0.06970000
0.06972000
0.06948000
0.06912000
0.06964000
0.06985000
0.07009000
0.07017000
0.07048000
0.07020000
0.07026000
0.06981000
0.06960000
0.06961000
0.06987000
0.07037000
0.07083000
0.07121000
0.07078000
0.07097000
0.07093000
0.07125000
0.07135000
0.07124000
0.07180000
0.07171000
0.07188000
0.07205000
0.07256000
0.07285000
0.07258000
0.07241000
0.07289000
0.07360000
0.07347000
0.07306000
0.07302000
0.07353000
0.07376000
0.07381000
0.07421000
0.07402000
0.07340000
0.07298000
0.07330000
0.07293000
0.07266000
0.07260000
0.07272000
0.07272000
0.07250000
0.07314000
0.07310000
0.07344000
0.07448000
0.07628000
0.07543000
0.07575000
0.07605000
0.07571000
0.07648000
0.07639000
0.07531000
0.07462000
0.07349000
0.07405000
0.07393000
0.07356000
0.07287000
0.07329000
0.07302000
0.07310000
0.07326000
0.07278000
0.07297000
0.07306000
0.07276000
0.07263000
0.07232000
0.07219000
0.07186000
0.07191000
0.07200000
0.07245000
0.07218000
0.07178000
0.07184000
0.07186000
0.07174000
0.07181000
0.07161000
0.07145000
0.07157000
0.07137000
0.07140000
0.07114000
0.07127000
0.07195000
0.07279000
0.07365000
0.07427000
0.07394000
0.07514000
0.07488000
0.07508000
0.07501000
0.07462000
0.07545000
0.07471000
0.07462000
0.07435000
0.07411000
0.07479000
0.07495000
0.07500000
0.07525000
0.07488000
0.07480000
0.07513000
0.07511000
0.07502000
0.07493000
0.07472000
0.07390000
0.07361000
0.07381000
0.07406000
0.07538000
0.07525000
0.07560000
0.07585000
0.07553000
0.07572000
0.07595000
0.07562000
0.07519000
0.07554000
0.07519000
0.07488000
0.07517000
0.07494000
0.07530000
0.07537000
0.07585000
0.07589000
0.07549000
0.07542000
0.07460000
0.07511000
0.07520000
0.07478000
0.07456000
0.07389000
0.07344000
0.07350000
0.07413000
0.07406000
0.07430000
0.07389000
0.07382000
0.07356000
0.07321000
0.07347000
0.07326000
0.07277000
0.07240000
0.07232000
0.07243000
0.07196000
0.07237000
0.07205000
0.07215000
0.07220000
0.07211000
0.07179000
0.07231000
0.07234000
0.07199000
0.07225000
0.07223000
0.07228000
0.07235000
0.07225000
0.07266000
0.07191000
0.07192000
0.07178000
0.07171000
0.07154000
0.07136000
0.07099000
0.07121000
0.07094000
0.07127000
0.07171000
0.07138000
0.07135000
0.07127000
0.07128000
0.07133000
0.07133000
0.07175000
0.07156000
0.07162000
0.07193000
0.07192000
0.07204000
0.07257000
0.07258000
0.07213000
0.07195000
0.07260000
0.07327000
0.07362000
0.07411000
0.07461000
0.07389000
0.07409000
0.07375000
0.07390000
0.07459000
0.07469000
0.07442000
0.07424000
0.07391000
0.07386000
0.07247000
0.07265000
0.07235000
0.07205000
0.07207000
0.07172000
0.07183000
0.07215000
0.07252000
0.07248000
0.07277000
0.07234000
0.07207000
0.07189000
0.07128000
0.07112000
0.07117000
0.06978000
0.07048000
0.07045000
0.07053000
0.07101000
0.07106000
0.07185000
0.07209000
0.07191000
0.07282000
0.07305000
0.07315000
0.07377000
0.07356000
0.07306000
0.07274000
0.07233000
0.07243000
0.07279000
0.07252000
0.07245000
0.07251000
0.07289000
0.07276000
0.07233000
0.07240000
0.07256000
0.07228000
0.07271000
0.07233000
0.07233000
0.07265000
0.07334000
0.07378000
0.07329000
0.07303000
0.07318000
0.07280000
0.07273000
0.07251000
0.07246000
0.07251000
0.07240000
0.07221000
0.07213000
0.07238000
0.07245000
0.07260000
0.07275000
0.07318000
0.07291000
0.07329000
0.07383000
0.07343000
0.07288000
0.07293000
0.07333000
0.07301000
0.07289000
0.07246000
0.07242000
0.07251000
0.07256000
0.07297000
0.07248000
0.07272000
0.07242000
0.07240000
0.07239000
0.07238000
0.07230000
0.07266000
0.07250000
0.07224000
0.07215000
0.07224000
0.07184000
0.07159000
0.07158000
0.07155000
0.07170000
0.07193000
0.07230000
0.07234000
0.07273000
0.07282000
0.07338000
0.07352000
0.07273000
0.07291000
0.07285000
0.07274000
0.07269000
0.07318000
0.07352000
0.07369000
0.07372000
0.07382000
0.07376000
0.07382000
0.07369000
0.07453000
0.07497000
0.07503000
0.07484000
0.07486000
0.07493000
0.07494000
0.07498000
0.07446000
0.07450000
0.07443000
0.07421000
0.07430000
0.07401000
0.07395000
0.07406000
0.07381000
0.07371000
0.07394000
0.07338000
0.07352000
0.07337000
0.07348000
0.07322000
0.07345000
0.07383000
0.07390000
0.07396000
0.07370000
0.07367000
0.07369000
0.07358000
0.07337000
0.07317000
0.07329000
0.07294000
0.07313000
0.07297000
0.07319000
0.07349000
0.07337000
0.07313000
0.07301000
0.07261000
0.07238000
0.07201000
0.07199000
0.07250000
0.07284000
0.07293000
0.07282000
0.07279000
0.07320000
0.07342000
0.07375000
0.07378000
0.07342000
0.07339000
0.07380000
0.07397000
0.07422000
0.07423000
0.07443000
0.07418000
0.07396000
0.07409000
0.07408000
0.07420000
0.07392000
0.07399000
0.07389000
0.07381000
0.07378000
0.07405000
0.07429000
0.07436000
0.07430000
0.07407000
0.07382000
0.07372000
0.07389000
0.07361000
0.07339000
0.07322000
0.07341000
0.07332000
0.07348000
0.07368000
0.07385000
0.07393000
0.07409000
0.07427000
0.07424000
0.07470000
0.07507000
0.07551000
0.07481000
0.07474000
0.07520000
0.07567000
0.07579000
0.07553000
0.07534000
0.07598000
0.07542000
0.07487000
0.07466000
0.07508000
0.07501000
0.07474000
0.07487000
0.07459000
0.07442000
0.07443000
0.07445000
0.07440000
0.07454000
0.07468000
0.07485000
0.07495000
0.07502000
0.07541000
0.07521000
0.07489000
0.07552000
0.07582000
0.07566000
0.07585000
0.07581000
0.07572000
0.07529000
0.07498000
0.07520000
0.07527000
0.07547000
0.07568000
0.07568000
0.07602000
0.07577000
0.07522000
0.07525000
0.07511000
0.07462000
0.07471000
0.07469000
0.07430000
0.07452000
0.07432000
0.07446000
0.07442000
0.07437000
0.07455000
0.07433000
0.07446000
0.07430000
0.07476000
0.07452000
0.07503000
0.07527000
0.07550000
0.07573000
0.07580000
0.07571000
0.07590000
0.07571000
0.07620000
0.07590000
0.07674000
0.07738000
0.07777000
0.07781000
0.07684000
0.07586000
0.07581000
0.07597000
0.07477000
0.07480000
0.07514000
0.07546000
0.07532000
0.07566000
0.07562000
0.07511000
0.07485000
0.07461000
0.07442000
0.07416000
0.07370000
0.07396000
0.07463000
0.07364000
0.07389000
0.07370000
0.07389000
0.07376000
0.07370000
0.07403000
0.07354000
0.07350000
0.07294000
0.07283000
0.07390000
0.07469000
0.07479000
0.07589000
0.07681000
0.07693000
0.07749000
0.07808000
0.07818000
0.07851000
0.07923000
0.07964000
0.08039000
0.08119000
0.08150000
0.08199000
0.08149000
0.08066000
0.08012000
0.07955000
0.07946000
0.07916000
0.08003000
0.08053000
0.08059000
0.08147000
0.08015000
0.07964000
0.08065000
0.08113000
0.08100000
0.08079000
0.08126000
0.08085000
0.08146000
0.08197000
0.08357000
0.08279000
0.08144000
0.08123000
0.08165000
0.08034000
0.08200000
0.08083000
0.08095000
0.08103000
0.08051000
0.08062000
0.08079000
0.08045000
0.08031000
0.08077000
0.08078000
0.08064000
0.08070000
0.08183000
0.08229000
0.08280000
0.08597000
0.08883000
0.08774000
0.08810000
0.08673000
0.08556000
0.08675000
0.08514000
0.08412000
0.08448000
0.08309000
0.08415000
0.08403000
0.08398000
0.08395000
0.08325000
0.08357000
0.08322000
0.08352000
0.08329000
0.08249000
0.08158000
0.08165000
0.08131000
0.08196000
0.08274000
0.08340000
0.08434000
0.08432000
0.08395000
0.08329000
0.08224000
0.08277000
0.08295000
0.08379000
0.08396000
0.08302000
0.08309000
0.08324000
0.08368000
0.08379000
0.08380000
0.08367000
0.08347000
0.08317000
0.08312000
0.08315000
0.08300000
0.08302000
0.08347000
0.08378000
0.08395000
0.08464000
0.08343000
0.08149000
0.08214000
0.08188000
0.08213000
0.08158000
0.08186000
0.08181000
0.08127000
0.08108000
0.08194000
0.08183000
0.08214000
0.08153000
0.08127000
0.08158000
0.08130000
0.08125000
0.08136000
0.08139000
0.08109000
0.08091000
0.08063000
0.08102000
0.08081000
0.07993000
0.07986000
0.07944000
0.07969000
0.07950000
0.07919000
0.07876000
0.07886000
0.07937000
0.07878000
0.07854000
0.07851000
0.07792000
0.07765000
0.07762000
0.07789000
0.07780000
0.07775000
0.07793000
0.07789000
0.07818000
0.07733000
0.07668000
0.07704000
0.07746000
0.07733000
0.07736000
0.07761000
0.07688000
0.07729000
0.07705000
0.07688000
0.07729000
0.07774000
0.07800000
0.07765000
0.07862000
0.07896000
0.07838000
0.07893000
0.07867000
0.07921000
0.07894000
0.07956000
0.07896000
0.07924000
0.07954000
0.07934000
0.08004000
0.08068000
0.08150000
0.08189000
0.08172000
0.08175000
0.08142000
0.08141000
0.08189000
0.08168000
0.08144000
0.08193000
0.08137000
0.08172000
0.08184000
0.08093000
0.08081000
0.08049000
0.08078000
0.08094000
0.08114000
0.08141000
0.08196000
0.08255000
0.08439000
0.08417000
0.08490000
0.08617000
0.08560000
0.08438000
0.08554000
0.08553000
0.08480000
0.08393000
0.08422000
0.08518000
0.08405000
0.08397000
0.08336000
0.08250000
0.08315000
0.08336000
0.08290000
0.08276000
0.08254000
0.08221000
0.08256000
0.08203000
0.08190000
0.08160000
0.08185000
0.08179000
0.08176000
0.08201000
0.08208000
0.08221000
0.08184000
0.08114000
0.08094000
0.08080000
0.08040000
0.08026000
0.08101000
0.08127000
0.08115000
0.08094000
0.08097000
0.08073000
0.08067000
0.08084000
0.08082000
0.08053000
0.08086000
0.08073000
0.08099000
0.08118000
0.08132000
0.08112000
0.08195000
0.08166000
0.08172000
0.08130000
0.08098000
0.08051000
0.07930000
0.07983000
0.08035000
0.08062000
0.08097000
0.08065000
0.08070000
0.08145000
0.08096000
0.08171000
0.08187000
0.08195000
0.08156000
0.08218000
0.08218000
0.08199000
0.08176000
0.08133000
0.08117000
0.08100000
0.08137000
0.08134000
0.08112000
0.08108000
0.08092000
0.08107000
0.08106000
0.08072000
0.08103000
0.08100000
0.08131000
0.08148000
0.08115000
0.08099000
0.08109000
0.08114000
0.08139000
0.08119000
0.08131000
0.08117000
0.08099000
0.08080000
0.08058000
0.08046000
0.08055000
0.08079000
0.08054000
0.08082000
0.08057000
0.08073000
0.08124000
0.08143000
0.08160000
0.08189000
0.08197000
0.08202000
0.08223000
0.08238000
0.08271000
0.08288000
0.08288000
0.08314000
0.08277000
0.08265000
0.08288000
0.08337000
0.08325000
0.08359000
0.08344000
0.08292000
0.08356000
0.08340000
0.08330000
0.08335000
0.08308000
0.08457000
0.08428000
0.08401000
0.08364000
0.08379000
0.08386000
0.08417000
0.08444000
0.08448000
0.08391000
0.08409000
0.08443000
0.08371000
0.08422000
0.08383000
0.08406000
0.08425000
0.08441000
0.08398000
0.08381000
0.08397000
0.08428000
0.08428000
0.08478000
0.08498000
0.08515000
0.08448000
0.08463000
0.08472000
0.08515000
0.08508000
0.08589000
0.08601000
0.08630000
0.08547000
0.08591000
0.08521000
0.08479000
0.08508000
0.08531000
0.08578000
0.08563000
0.08591000
0.08495000
0.08498000
0.08380000
0.08395000
0.08459000
0.08494000
0.08504000
0.08470000
0.08458000
0.08562000
0.08532000
0.08526000
0.08576000
0.08563000
0.08526000
0.08537000
0.08528000
0.08540000
0.08541000
0.08549000
0.08594000
0.08547000
0.08602000
0.08677000
0.08637000
0.08625000
0.08658000
0.08666000
0.08685000
0.08690000
0.08607000
0.08603000
0.08597000
0.08572000
0.08580000
0.08615000
0.08600000
0.08525000
0.08517000
0.08516000
0.08530000
0.08512000
0.08509000
0.08550000
0.08505000
0.08540000
0.08537000
0.08514000
0.08458000
0.08395000
0.08423000
0.08472000
0.08437000
0.08430000
0.08439000
0.08498000
0.08459000
0.08466000
0.08456000
0.08426000
0.08417000
0.08407000
0.08442000
0.08381000
0.08364000
0.08403000
0.08427000
0.08421000
0.08400000
0.08427000
0.08431000
0.08487000
0.08505000
0.08463000
0.08405000
0.08386000
0.08429000
0.08444000
0.08424000
0.08455000
0.08477000
0.08430000
0.08446000
0.08414000
0.08403000
0.08391000
0.08395000
0.08396000
0.08405000
0.08441000
0.08426000
0.08424000
0.08411000
0.08409000
0.08439000
0.08457000
0.08459000
0.08497000
0.08504000
0.08523000
0.08528000
0.08561000
0.08567000
0.08559000
0.08535000
0.08544000
0.08542000
0.08635000
0.08595000
0.08679000
0.08678000
0.08666000
0.08686000
0.08668000
0.08675000
0.08763000
0.08811000
0.08878000
0.08844000
0.08778000
0.08724000
0.08598000
0.08615000
0.08590000
0.08569000
0.08554000
0.08551000
0.08558000
0.08639000
0.08610000
0.08574000
0.08598000
0.08590000
0.08603000
0.08660000
0.08712000
0.08751000
0.08707000
0.08731000
0.08798000
0.08748000
0.08734000
0.08727000
0.08726000
0.08793000
0.08816000
0.08851000
0.08743000
0.08784000
0.08952000
0.08978000
0.08967000
0.09141000
0.09124000
0.09101000
0.09009000
0.08946000
0.08935000
0.08856000
0.08910000
0.08813000
0.08711000
0.08669000
0.08601000
0.08607000
0.08574000
0.08483000
0.08462000
0.08468000
0.08433000
0.08426000
0.08571000
0.08551000
0.08577000
0.08604000
0.08577000
0.08546000
0.08516000
0.08494000
0.08404000
0.08384000
0.08410000
0.08420000
0.08522000
0.08483000
0.08479000
0.08456000
0.08425000
0.08427000
0.08501000
0.08467000
0.08443000
0.08451000
0.08444000
0.08471000
0.08428000
0.08384000
0.08121000
0.08217000
0.08249000
0.08288000
0.08326000
0.08318000
0.08364000
0.08433000
0.08409000
0.08322000
0.08305000
0.08273000
0.08319000
0.08331000
0.08282000
0.08321000
0.08335000
0.08325000
0.08323000
0.08278000
0.08231000
0.08229000
0.08225000
0.08238000
0.08223000
0.08249000
0.08251000
0.08268000
0.08221000
0.08209000
0.08249000
0.08263000
0.08275000
0.08249000
0.08214000
0.08207000
0.08203000
0.08216000
0.08215000
0.08174000
0.08129000
0.08145000
0.08131000
0.08115000
0.08113000
0.08080000
0.08063000
0.08000000
0.08044000
0.08069000
0.08079000
0.08037000
0.08041000
0.07976000
0.07980000
0.08014000
0.08017000
0.08039000
0.08032000
0.08022000
0.08044000
0.07991000
0.08019000
0.07992000
0.07982000
0.07988000
0.07945000
0.07963000
0.07948000
0.07901000
0.07886000
0.07861000
0.07828000
0.07830000
0.07836000
0.07819000
0.07793000
0.07876000
0.07823000
0.07844000
0.07722000
0.07721000
0.07787000
0.07815000
0.07764000
0.07824000
0.07796000
0.07756000
0.07746000
0.07738000
0.07689000
0.07681000
0.07739000
0.07746000
0.07761000
0.07729000
0.07745000
0.07715000
0.07725000
0.07742000
0.07734000
0.07759000
0.07739000
0.07790000
0.07801000
0.07805000
0.07763000
0.07700000
0.07645000
0.07660000
0.07616000
0.07585000
0.07615000
0.07602000
0.07590000
0.07609000
0.07598000
0.07480000
0.07496000
0.07489000
0.07491000
0.07459000
0.07447000
0.07432000
0.07434000
0.07452000
0.07424000
0.07416000
0.07380000
0.07394000
0.07356000
0.07376000
0.07405000
0.07436000
0.07453000
0.07527000
0.07522000
0.07555000
0.07560000
0.07553000
0.07541000
0.07523000
0.07550000
0.07551000
0.07553000
0.07569000
0.07553000
0.07548000
0.07580000
0.07605000
0.07567000
0.07574000
0.07551000
0.07508000
0.07504000
0.07499000
0.07471000
0.07462000
0.07449000
0.07441000
0.07416000
0.07434000
0.07401000
0.07366000
0.07404000
0.07414000
0.07400000
0.07396000
0.07380000
0.07381000
0.07370000
0.07380000
0.07379000
0.07381000
0.07366000
0.07366000
0.07332000
0.07338000
0.07318000
0.07289000
0.07297000
0.07315000
0.07317000
0.07322000
0.07301000
0.07323000
0.07320000
0.07323000
0.07314000
0.07281000
0.07318000
0.07328000
0.07300000
0.07284000
0.07299000
0.07291000
0.07298000
0.07305000
0.07355000
0.07357000
0.07335000
0.07352000
0.07335000
0.07345000
0.07312000
0.07301000
0.07309000
0.07303000
0.07313000
0.07346000
0.07317000
0.07350000
0.07393000
0.07383000
0.07400000
0.07443000
0.07425000
0.07440000
0.07413000
0.07375000
0.07344000
0.07327000
0.07337000
0.07307000
0.07315000
0.07311000
0.07307000
0.07338000
0.07324000
0.07330000
0.07313000
0.07280000
0.07323000
0.07368000
0.07324000
0.07334000
0.07296000
0.07341000
0.07351000
0.07339000
0.07302000
0.07319000
0.07294000
0.07336000
0.07345000
0.07298000
0.07288000
0.07260000
0.07304000
0.07314000
0.07355000
0.07327000
0.07338000
0.07341000
0.07349000
0.07354000
0.07391000
0.07449000
0.07462000
0.07483000
0.07467000
0.07519000
0.07554000
0.07528000
0.07554000
0.07528000
0.07534000
0.07541000
0.07547000
0.07551000
0.07527000
0.07465000
0.07509000
0.07542000
0.07525000
0.07584000
0.07603000
0.07608000
0.07606000
0.07574000
0.07569000
0.07503000
0.07517000
0.07490000
0.07535000
0.07475000
0.07520000
0.07477000
0.07501000
0.07494000
0.07496000
0.07511000
0.07496000
0.07508000
0.07503000
0.07506000
0.07498000
0.07501000
0.07514000
0.07511000
0.07495000
0.07479000
0.07495000
0.07468000
0.07478000
0.07495000
0.07573000
0.07561000
0.07560000
0.07559000
0.07553000
0.07521000
0.07537000
0.07579000
0.07556000
0.07585000
0.07586000
0.07590000
0.07573000
0.07572000
0.07560000
0.07579000
0.07617000
0.07623000
0.07591000
0.07630000
0.07625000
0.07619000
0.07615000
0.07566000
0.07591000
0.07582000
0.07565000
0.07535000
0.07536000
0.07511000
0.07500000
0.07537000
0.07510000
0.07491000
0.07503000
0.07491000
0.07506000
0.07494000
0.07498000
0.07527000
0.07549000
0.07545000
0.07514000
0.07472000
0.07483000
0.07481000
0.07503000
0.07497000
0.07525000
0.07503000
0.07501000
0.07559000
0.07559000
0.07634000
0.07631000
0.07643000
0.07637000
0.07597000
0.07638000
0.07618000
0.07625000
0.07598000
0.07674000
0.07718000
0.07678000
0.07686000
0.07691000
0.07696000
0.07702000
0.07708000
0.07727000
0.07756000
0.07770000
0.07785000
0.07753000
0.07759000
0.07780000
0.07662000
0.07674000
0.07709000
0.07691000
0.07743000
0.07695000
0.07675000
0.07663000
0.07712000
0.07695000
0.07682000
0.07655000
0.07582000
0.07649000
0.07658000
0.07662000
0.07721000
0.07714000
0.07708000
0.07666000
0.07683000
0.07728000
0.07725000
0.07707000
0.07667000
0.07712000
0.07681000
0.07652000
0.07647000
0.07713000
0.07715000
0.07675000
0.07670000
0.07668000
0.07632000
0.07628000
0.07627000
0.07660000
0.07618000
0.07641000
0.07620000
0.07631000
0.07616000
0.07619000
0.07593000
0.07601000
0.07571000
0.07563000
0.07579000
0.07566000
0.07565000
0.07581000
0.07587000
0.07587000
0.07577000
0.07575000
0.07578000
0.07623000
0.07710000
0.07732000
0.07769000
0.07843000
0.07801000
0.07825000
0.07798000
0.07797000
0.07812000
0.07856000
0.07878000
0.07915000
0.07894000
0.07879000
0.07911000
0.07911000
0.07908000
0.07882000
0.07841000
0.07798000
0.07795000
0.07826000
0.07796000
0.07764000
0.07723000
0.07775000
0.07797000
0.07774000
0.07757000
0.07762000
0.07792000
0.07786000
0.07778000
0.07735000
0.07730000
0.07697000
0.07715000
0.07685000
0.07675000
0.07687000
0.07709000
0.07757000
0.07710000
0.07722000
0.07697000
0.07748000
0.07727000
0.07711000
0.07729000
0.07702000
0.07720000
0.07695000
0.07680000
0.07689000
0.07694000
0.07717000
0.07737000
0.07788000
0.07786000
0.07802000
0.07801000
0.07762000
0.07747000
0.07756000